0,2095,3175,1478,1711,
1,2770,3084,2789,
2,3171,1562,406,747,
3,2063,1887,1175,1662,
4,399,64,793,2188,
5,193,989,1847,1507,
6,262,1696,1632,1863,
7,1258,1131,1498,
8,3451,22,973,486,
9,1070,2880,1090,
10,1224,2135,559,829,
11,1299,2807,659,1746,587,
12,1963,1430,
13,2210,2212,
14,2525,1391,578,
15,238,1911,1528,
16,2501,218,646,1857,1496,
17,1648,1126,1195,1616,
18,2533,2957,1788,
19,1247,528,
20,3171,2506,761,
21,2028,2229,1496,
22,2830,581,145,8,
23,2466,2543,2277,1751,
24,2616,1198,2031,265,
25,1242,1750,1629,
26,2675,1068,1933,1060,1272,2269,
27,2394,824,331,2279,
28,3368,910,787,523,
29,315,517,
30,39,2456,2589,3434,
31,2275,121,1099,1287,
32,546,346,217,
33,1057,521,
34,1343,1643,3344,1206,2952,
35,1194,2416,1350,383,
36,2140,1019,891,3249,
37,1075,897,686,2029,
38,2056,2554,2920,
39,421,30,2521,
40,1224,2586,233,
41,927,868,3225,1697,1167,415,
42,2421,240,73,1949,
43,2064,648,2300,
44,149,297,1884,2157,
45,3377,1541,2232,
46,430,208,
47,696,683,2116,355,1630,
48,785,1802,2195,3007,
49,3047,245,2969,
50,2501,129,717,2369,
51,2824,1203,1741,1642,
52,1141,877,578,
53,2482,1156,300,1065,
54,68,1756,
55,1582,129,909,1539,
56,98,758,167,
57,2811,2732,1678,124,
58,1266,786,381,2967,
59,3139,2724,
60,1426,2525,1391,
61,302,631,942,
62,2850,1848,1499,
63,3181,1009,2289,
64,105,1953,869,4,
65,1666,2640,1947,
66,2877,2905,2263,
67,880,2322,957,
68,1336,54,
69,889,3043,1989,2462,
70,2628,1427,150,
71,1965,393,968,
72,1797,1067,1477,338,
73,170,2601,951,42,
74,447,1373,
75,1312,1949,
76,3259,2855,1003,653,
77,847,1649,760,397,
78,1870,1781,583,
79,2093,1899,1320,3450,
80,2877,328,716,3030,
81,3316,1972,1559,
82,471,983,3006,
83,2984,1732,1769,
84,823,940,1681,
85,303,1102,1618,
86,2160,1013,1472,904,
87,2314,3170,432,2590,
88,3448,982,1389,
89,897,3174,1820,2360,
90,359,2606,702,610,
91,3330,870,2164,
92,1870,411,
93,1263,1757,418,488,
94,302,1300,3454,
95,2576,318,130,2366,
96,1733,2459,
97,2601,1117,1361,
98,1763,167,56,
99,1174,381,2346,
100,3464,429,1015,
101,2394,2259,989,2646,
102,856,292,2086,
103,658,3233,2941,
104,612,3267,1239,
105,2950,1926,64,1082,
106,240,3052,
107,2495,1268,2867,
108,1903,701,1839,
109,1275,1264,1919,
110,952,2342,3085,
111,2777,1136,2487,3104,2832,2790,
112,2495,1436,1268,277,
113,209,1911,1449,2420,
114,1385,1845,2350,903,
115,567,2917,2211,
116,1304,1357,2861,643,
117,1400,917,1125,
118,1204,1993,1736,
119,811,260,3200,2305,
120,592,1850,2989,
121,2125,376,31,3463,
122,1820,907,
123,3327,1880,
124,57,1056,595,1678,
125,509,934,1323,
126,2904,1121,1937,
127,579,3031,1398,3309,
128,1726,1849,
129,50,717,55,
130,2576,318,95,3059,2834,
131,2465,188,
132,1942,3284,824,2279,
133,3006,287,1409,
134,2633,
135,2062,639,
136,439,2505,1609,2926,
137,1491,344,1681,
138,721,2452,740,2017,1326,377,748,1369,332,2508,
139,1504,1863,553,
140,3143,2669,2152,
141,1211,368,618,2137,
142,2321,1040,2152,2619,
143,2036,3260,3360,3108,
144,2916,3179,3183,708,2528,298,1912,
145,22,1981,1259,
146,1289,2172,2667,
147,1706,1271,611,3379,
148,775,209,544,2311,2595,
149,44,767,296,297,
150,70,197,
151,2440,1245,3113,1014,
152,305,2587,441,
153,1384,1993,710,
154,2509,3192,1619,
155,3327,3119,1864,
156,1276,3266,643,
157,1334,2985,
158,867,2653,2827,565,
159,607,1618,2713,
160,1581,3413,3303,718,
161,244,2118,995,
162,1401,1878,2623,
163,1087,2301,1495,
164,1797,3008,718,
165,1278,884,2574,339,
166,672,1329,3037,1024,
167,98,877,1141,56,
168,1143,505,1558,363,
169,3206,2444,2974,2856,688,
170,73,2127,1117,
171,1622,685,3372,
172,2796,1818,
173,698,186,886,
174,1300,357,1711,3123,
175,2322,1304,1357,2861,1022,
176,1954,2813,300,2080,
177,1487,854,598,
178,1611,2602,2198,
179,401,1764,1091,
180,2272,2676,615,
181,1930,349,
182,3138,1482,2825,1522,
183,1340,2441,3419,1586,
184,739,3452,2754,2236,
185,2631,1145,652,
186,1888,173,207,
187,1572,2885,1209,1670,
188,1501,131,2497,3227,
189,2878,2845,2778,
190,840,2066,1990,
191,2981,2397,902,
192,785,1132,
193,5,710,288,2376,
194,1515,2234,2532,2748,2365,
195,793,1338,
196,302,3454,1208,
197,1265,150,
198,1775,681,2004,3156,
199,535,2253,
200,1394,2623,1812,2004,
201,1929,2771,3023,343,
202,634,2534,1024,
203,1702,839,2234,1134,3465,2748,3111,2581,2099,
204,902,1838,514,
205,2180,1302,2869,
206,1111,3113,491,
207,1019,861,186,886,
208,1159,46,1930,2108,1668,513,
209,1560,113,148,
210,1987,2083,1328,1668,
211,450,1030,1258,1498,713,
212,1952,537,803,
213,614,3066,3346,2591,
214,972,2379,433,
215,1128,1990,1701,2700,
216,1085,875,3040,2718,
217,1500,546,346,32,
218,1857,2229,16,1496,
219,2791,266,
220,2963,1351,1107,
221,2054,3319,3036,
222,756,2481,599,
223,3077,1572,2120,
224,670,560,1882,1541,
225,384,254,2433,2993,1805,443,
226,2804,286,3308,1625,
227,2647,492,2450,
228,568,3306,2488,3193,
229,2202,1006,3227,
230,305,832,380,623,
231,343,2625,2367,2450,
232,2335,2743,1655,
233,2992,40,2548,
234,3098,376,2076,
235,2246,2537,
236,1866,2390,2786,
237,2732,2533,1476,553,
238,593,15,2320,
239,1705,2111,1298,
240,936,106,42,
241,1588,3307,3426,531,
242,2816,2711,2743,
243,2579,744,3296,1852,
244,161,283,864,3258,
245,2935,49,451,698,
246,2389,452,359,622,424,1433,2408,
247,695,1739,2975,
248,1161,3339,
249,270,1031,
250,2879,843,1331,
251,1951,2026,
252,346,1540,
253,2888,1299,587,
254,1194,2993,225,1109,
255,1404,366,1793,
256,505,1740,1591,
257,2180,685,330,
258,3192,3424,1173,1522,
259,1180,2559,2480,974,1406,
260,2332,119,2327,3378,
261,2518,1532,
262,3439,2216,2691,6,
263,1833,3008,1257,2665,
264,306,2222,456,
265,2394,24,2646,1080,
266,219,2267,429,
267,2978,608,3356,3438,
268,2502,1325,1982,
269,1724,931,1450,
270,249,1073,
271,838,2053,555,2141,3346,3066,
272,3154,2636,279,1456,
273,2582,361,3149,
274,1224,1193,576,
275,755,2161,2554,2446,
276,476,1621,1186,1486,
277,2973,1895,2352,112,
278,2894,3088,3272,1177,
279,1759,1493,272,
280,2112,1638,2442,1430,
281,857,1125,3197,662,
282,1037,1953,1139,
283,2883,3141,2118,244,2154,1530,
284,2208,484,3000,1523,
285,753,2542,611,3291,
286,2804,3384,226,
287,133,520,1409,
288,193,2772,3026,
289,1084,955,1564,1802,2195,805,3007,
290,1708,483,1382,
291,1138,2995,2360,1967,
292,2494,2048,1579,102,
293,2265,854,2866,
294,3251,2677,2964,2588,
295,2891,499,3253,
296,149,297,633,
297,149,44,2890,1813,296,864,3258,633,
298,602,3183,144,3126,
299,2757,2059,1599,
300,1954,53,176,1587,
301,2639,1567,1661,3164,
302,94,61,196,
303,1142,85,3037,
304,1159,1930,745,2108,803,1668,2070,513,
305,230,152,1381,599,
306,1443,1329,264,333,
307,2526,860,1494,3437,
308,957,1226,2457,961,
309,2106,2151,692,392,607,
310,723,2785,1038,
311,2599,1244,463,3117,
312,1600,1943,1641,
313,2329,874,430,3090,
314,3348,2752,814,585,1016,808,
315,822,2158,29,
316,679,919,452,622,994,
317,353,2889,892,2507,610,
318,3293,130,95,1144,1438,3059,1398,3223,
319,2661,602,1047,2736,
320,666,2547,2400,2320,
321,2516,2729,
322,2599,1144,2819,3059,
323,348,729,
324,2113,776,981,2205,
325,1600,2027,778,
326,3369,1446,1552,2285,
327,2037,2510,2420,2841,
328,1007,80,2927,
329,2913,2329,489,
330,2180,3372,257,
331,27,1080,2013,
332,138,2017,1427,2067,
333,776,306,2417,
334,771,795,914,
335,1233,1962,1641,2294,
336,3331,1771,404,2071,
337,3363,780,1561,
338,3228,72,1330,
339,1841,2066,826,165,
340,3181,3458,3412,844,
341,2421,593,
342,1897,2558,2244,3132,
343,201,231,1512,846,
344,137,354,1183,
345,1264,1043,1125,
346,1100,252,546,32,217,
347,1682,898,1286,
348,1959,323,1864,
349,181,3176,563,1985,
350,3173,2777,1866,3104,2390,
351,2805,1782,1260,1937,
352,1443,3342,817,
353,1581,317,1505,700,1700,1499,
354,580,1183,344,
355,3086,47,
356,1211,2028,1412,1747,737,
357,2314,1160,174,
358,2733,3459,2958,
359,919,452,246,622,424,90,
360,1245,1060,
361,3168,2711,273,
362,2905,3339,2767,
363,1714,682,505,1558,2996,2709,168,
364,889,506,536,1940,1332,
365,554,1419,2077,3290,
366,1959,848,255,729,
367,3376,3308,467,751,
368,3140,141,1891,2229,
369,1585,710,2257,
370,3153,605,2373,2239,
371,778,2724,
372,2950,2340,2847,
373,860,843,
374,978,
375,3381,1335,
376,2275,1502,234,121,
377,2452,138,740,2017,1326,1369,3263,
378,1264,1920,1294,
379,399,1049,1448,
380,230,1305,623,
381,58,1266,1696,99,
382,3219,3253,542,
383,35,1551,1031,
384,2175,225,
385,810,1283,1157,
386,2334,2289,2731,
387,2899,2838,1576,
388,1872,1997,
389,2073,3306,2951,
390,1150,3028,
391,3207,1095,1460,809,
392,532,2106,2151,2899,309,1590,
393,71,597,795,494,
394,591,2109,871,
395,1908,2966,1485,876,1352,
396,1758,2555,1090,1229,
397,496,469,3224,77,
398,1745,2892,1578,1219,
399,2906,4,379,
400,3041,1744,2627,
401,1988,179,2737,1764,2061,
402,2081,1187,1099,2912,
403,954,2291,
404,2149,1410,336,619,
405,983,456,
406,2,2489,2506,
407,738,
408,2036,2690,2423,2788,
409,2808,3182,1074,
410,1533,1856,507,1717,
411,92,461,855,
412,2762,2630,2833,2839,
413,647,535,2231,458,
414,1738,2607,
415,3225,41,1167,
416,1270,1128,2418,
417,645,2580,1497,624,
418,831,93,1900,747,
419,1533,3083,1484,
420,435,1707,
421,39,2439,1190,
422,813,2919,2987,
423,570,3134,1508,
424,1652,452,1129,246,359,
425,915,1996,2129,
426,1601,1663,790,
427,2868,734,1319,2131,1274,
428,3157,1439,1765,
429,1481,100,2810,266,
430,46,730,313,
431,1482,2825,1623,673,1173,3460,1522,
432,2314,3170,87,1711,
433,972,1291,460,214,
434,3371,2153,
435,965,938,420,912,2353,
436,3351,3121,904,1472,
437,2344,2567,2952,
438,742,2760,3430,1065,
439,2001,136,
440,603,1269,2136,
441,152,3446,2865,1772,709,
442,2516,1843,2181,2220,
443,1279,2993,225,
444,2936,2828,1663,790,
445,1434,2180,925,
446,1676,574,1625,
447,3357,74,2052,
448,788,2983,1906,
449,3207,1830,986,
450,2496,211,1761,1498,
451,245,2230,2969,3195,
452,316,919,1652,359,246,622,424,
453,1029,1022,862,
454,723,2831,923,
455,1534,1049,1832,
456,264,2103,405,
457,2178,3078,1535,660,
458,2194,629,413,
459,3316,2098,1972,1147,
460,1291,1000,2443,433,
461,2495,411,639,2014,
462,3096,3148,2313,
463,3180,3115,311,2814,
464,1222,1833,1891,3303,
465,1730,2158,1267,
466,1281,1742,2146,
467,367,2566,3147,
468,1180,934,
469,2569,2544,397,
470,1340,849,688,
471,82,2339,3385,1409,
472,588,1952,537,1796,
473,1593,3109,3414,
474,3248,1727,1848,
475,1777,1410,
476,1405,1186,276,
477,1841,841,932,1280,
478,3464,2784,2791,
479,590,1633,
480,2986,1288,
481,3443,534,1466,2309,2908,990,1857,2498,
482,1721,2064,2970,2354,
483,290,1212,3226,
484,1595,2896,284,
485,2501,2065,1928,
486,581,3206,688,8,
487,497,3257,1646,
488,93,3231,
489,3213,329,730,
490,3274,2918,2295,
491,2098,206,1147,
492,2647,227,
493,2038,748,2437,1679,2841,
494,2746,1568,393,2240,
495,3442,2147,
496,2875,760,397,
497,487,806,3257,959,
498,805,3054,3007,
499,295,649,2057,1322,
500,1199,2039,2031,
501,614,2141,3346,611,1774,
502,1658,1466,1455,2988,
503,2029,2617,3241,2336,
504,2885,1012,1399,
505,256,1558,586,1591,168,363,
506,364,589,1527,1033,
507,2316,410,
508,2035,2100,2750,
509,2782,125,1323,1571,
510,811,2262,
511,663,3121,1472,
512,896,1077,1071,
513,304,1159,1930,208,
514,2142,204,2397,
515,2234,3111,2365,1030,
516,2422,2974,1860,
517,29,2642,2471,1261,
518,644,1114,1379,830,
519,3162,1784,894,
520,983,749,287,1249,
521,2804,3147,33,
522,1581,3354,2408,
523,648,28,1130,
524,1596,3049,2368,2226,
525,1201,3315,621,529,
526,3242,3092,1574,1195,
527,775,2559,1406,
528,881,1247,606,19,
529,525,2343,1041,
530,704,879,
531,2817,241,893,2776,
532,2223,1690,740,1427,1868,392,
533,1603,2561,
534,1466,481,
535,413,2231,199,
536,364,1989,1332,
537,588,1952,1810,212,472,
538,2873,3004,2285,2280,
539,2635,3453,3099,
540,2635,1270,1104,
541,2217,2398,3341,
542,1650,1078,1411,382,
543,1101,3265,2439,
544,671,2595,148,
545,3139,2309,2908,3317,2369,1231,
546,2255,346,32,217,
547,1113,1981,1259,551,
548,1817,915,3402,
549,2915,2722,3278,
550,2224,3057,1145,
551,547,2396,
552,1713,3440,1752,
553,139,1028,3095,237,
554,365,2882,
555,1442,615,271,
556,1252,2007,2898,
557,1039,770,
558,1605,844,2187,
559,10,964,2992,
560,1639,1113,224,1259,
561,705,1760,3199,2361,
562,2105,2682,2118,
563,2545,3176,349,1985,
564,1830,986,
565,752,158,2238,
566,1135,1844,2774,1991,
567,115,3370,974,
568,228,3159,2982,2951,
569,1160,1525,2079,
570,2708,423,1461,
571,2981,2143,3340,2375,2046,3014,
572,1123,2204,1489,
573,2542,3106,3379,
574,446,2990,2260,2333,
575,896,1939,3049,
576,2796,274,1884,
577,1712,1444,
578,1182,14,52,
579,645,127,1203,1285,3031,1914,3309,
580,354,1183,1885,
581,22,486,1981,3063,
582,3387,2693,
583,1870,2973,78,
584,1855,2317,2183,
585,314,814,1421,1462,
586,505,1413,2380,1597,2996,1591,
587,2888,691,11,253,659,
588,2898,537,472,
589,3447,1542,506,
590,479,2470,2698,2120,
591,3422,394,2383,871,
592,3097,1021,120,2989,
593,238,341,1312,1949,
594,1181,2278,
595,997,1056,1328,124,
596,679,1897,851,1383,
597,2293,393,2939,1372,
598,2027,650,177,
599,305,222,
600,1301,3270,1235,2182,1248,
601,2062,3311,2867,
602,2661,319,298,2619,
603,440,1596,2368,
604,1085,3040,1393,
605,2233,1557,370,3254,
606,3115,528,1108,
607,866,159,309,2713,
608,1698,2155,267,
609,1018,935,764,
610,2889,317,883,2507,2606,702,2408,90,
611,1760,285,501,147,
612,104,2091,3405,993,
613,2466,2543,1059,
614,2402,1760,213,501,2591,
615,555,180,1803,3066,
616,2395,3057,3145,1719,
617,3322,2678,
618,1833,141,1891,2137,
619,1616,1824,404,2071,
620,1657,963,3287,
621,525,1214,2994,
622,316,919,1652,452,246,359,
623,782,230,380,
624,417,757,2643,2188,
625,1846,2500,
626,2600,2447,640,1532,
627,2659,1270,
628,950,3177,643,
629,1910,943,458,
630,1827,2299,1709,855,
631,1300,61,1711,
632,1453,3445,2281,
633,1813,296,1822,297,
634,1637,202,1102,3163,
635,3380,3224,1617,
636,741,2284,1317,
637,3236,3297,1106,751,
638,1355,2463,1017,
639,461,1003,135,
640,1403,626,3072,3318,
641,891,2196,
642,1628,2764,
643,116,628,1514,156,
644,2123,2134,518,2519,
645,579,417,
646,975,16,737,
647,3105,413,2231,846,
648,786,787,523,43,
649,1411,2057,499,2848,
650,2027,2585,598,
651,2290,2570,2502,1974,
652,1451,1145,185,
653,1224,766,1762,76,
654,2054,3319,2371,
655,2025,1538,1064,
656,3225,2631,2175,
657,1524,2943,929,1205,3114,1470,
658,103,674,1653,2949,
659,11,1651,2891,1746,587,
660,1070,768,457,
661,1108,
662,281,2503,3197,1610,
663,511,1927,1788,
664,2115,2002,1228,
665,1428,1821,996,
666,777,320,2547,1940,
667,3431,1246,3388,1598,
668,3102,989,1847,
669,2516,3411,1843,2761,
670,224,1042,
671,544,2311,2038,1218,
672,1443,3037,166,
673,1482,1623,431,
674,1960,658,2949,
675,1375,2724,2190,
676,1842,1738,
677,2330,2852,3276,2911,2129,1936,
678,3030,794,2089,
679,1897,316,2553,596,
680,2904,2663,1260,
681,731,979,198,
682,2673,2996,2709,363,
683,1886,696,47,
684,3018,2558,
685,1767,171,257,
686,37,742,1893,2080,
687,917,1980,2654,1983,
688,169,486,470,973,
689,1907,2540,1318,1048,2147,
690,1926,2374,1479,
691,2888,2871,587,
692,2455,2838,309,1250,
693,3452,2301,2882,
694,1731,3343,1654,
695,1236,1961,247,
696,1492,683,47,
697,1501,1262,
698,1543,173,245,
699,3034,2721,2436,1904,
700,353,1658,1938,1700,
701,2245,108,870,
702,3018,2606,90,610,
703,2264,2948,2212,
704,1213,2513,530,
705,1706,561,
706,2148,2109,2281,
707,2563,2645,3071,1920,
708,3179,144,1912,1921,
709,2587,3446,441,2596,
710,193,369,153,2912,
711,767,1822,1598,
712,1437,2221,
713,2496,211,1030,
714,953,1739,1969,2975,
715,3216,1373,
716,80,
717,2501,129,1857,50,
718,160,1612,164,
719,1908,2629,1413,876,
720,2704,3282,2296,
721,138,748,2508,1590,
722,2451,1160,1208,3048,
723,3316,454,310,1147,
724,2016,3074,3194,
725,1775,731,1964,2604,
726,2284,1724,3186,
727,2244,3144,1732,
728,2858,2765,2296,
729,366,323,2471,
730,1500,3213,489,430,
731,681,2340,725,
732,2850,2217,1727,3341,
733,2331,2266,2220,1605,1179,
734,2868,427,1239,1274,
735,1524,1725,
736,764,3302,1875,
737,646,2028,356,1496,1747,
738,2112,407,3445,
739,2077,184,
740,532,138,1427,2017,1326,1868,377,
741,636,1317,2197,3130,
742,897,686,438,772,
743,1482,2825,1219,2668,
744,1639,243,1042,
745,1987,304,2108,
746,1536,1802,2101,
747,3171,418,2,758,761,
748,721,1690,138,2067,1679,2508,493,
749,1909,1770,520,2030,1024,
750,3009,2593,2085,3029,
751,2166,1253,637,367,3297,
752,2000,565,
753,981,285,1774,1580,
754,1110,1557,
755,2161,275,1882,
756,1517,222,2865,853,
757,1093,3038,2742,624,
758,831,1562,747,56,
759,2572,1052,
760,496,2364,77,
761,20,2174,747,779,
762,1300,3454,1208,3123,
763,1185,2010,894,
764,1213,736,609,
765,1516,2638,2407,
766,2135,653,2523,
767,2719,149,1402,711,
768,3078,660,1540,
769,2465,2202,2937,3089,
770,3232,1243,557,2285,
771,334,1956,968,914,
772,1820,742,3430,
773,2088,1718,1370,
774,1829,956,3423,
775,2311,1406,527,148,
776,324,2222,2214,333,
777,2421,666,2127,1807,
778,371,325,
779,1900,761,
780,1916,1212,337,2679,
781,907,2933,1693,
782,832,1305,2318,623,
783,2054,1564,805,3202,
784,1339,2688,3417,
785,192,1234,48,
786,58,648,1718,
787,648,28,2940,3060,
788,448,2219,1906,
789,2823,1447,2022,
790,1601,426,3221,444,
791,1181,2929,2605,
792,1693,2862,924,
793,1819,4,195,
794,2620,678,
795,334,1135,393,2240,
796,3337,2753,
797,2694,2445,
798,967,977,2438,1288,
799,2722,1437,2827,960,
800,3386,852,1678,
801,1169,1573,1881,
802,3306,3193,2250,
803,304,212,2108,2070,
804,2883,950,885,
805,783,498,289,
806,2844,497,3257,
807,2260,1687,3283,
808,314,952,1172,1016,
809,2816,391,1460,3203,
810,385,1280,1654,
811,2252,119,510,
812,1465,1136,921,2790,
813,2859,1723,2874,2919,3124,422,1927,
814,314,585,1016,1250,
815,2971,2224,
816,1438,2366,1288,
817,352,1175,1662,
818,2830,1516,2179,1852,
819,1341,2184,
820,1722,3294,1328,2832,
821,1731,2972,841,1654,
822,315,3252,2672,
823,84,2546,2726,1681,1885,
824,132,27,1646,
825,1026,1853,2763,3153,3335,2373,
826,1123,1230,339,
827,3218,2787,2059,
828,1474,2201,932,2155,
829,10,964,1934,2288,
830,2134,518,1873,
831,1757,418,758,
832,782,230,3235,
833,1233,1551,1031,
834,927,2862,1131,2459,
835,3205,2388,3045,
836,2597,1486,1885,
837,2585,3396,2130,
838,2053,1442,271,
839,1702,2971,203,
840,190,1701,
841,821,477,1654,
842,1995,1836,1297,
843,250,373,
844,2242,340,872,558,1605,1823,
845,1817,3109,1635,
846,647,343,3105,2798,
847,3224,2705,77,1296,
848,1404,366,1261,
849,470,2766,2974,
850,2006,1674,2653,1503,
851,596,1462,
852,800,2160,1472,
853,1517,756,2855,1645,
854,1673,293,2866,177,
855,411,630,
856,3353,1850,102,
857,2878,2778,281,1610,
858,3235,1389,1381,
859,900,2020,1165,
860,373,307,2101,2060,
861,1620,1019,207,
862,2323,453,995,
863,1607,1432,1392,
864,987,2323,297,244,3258,
865,1415,2970,2354,
866,1142,607,2713,
867,158,2238,1164,
868,2224,2581,41,2426,1167,
869,3034,2976,64,2326,
870,91,1766,701,2023,
871,2148,591,394,
872,2242,1907,3458,2621,844,
873,1542,1337,2687,2189,
874,2755,3090,313,1636,
875,2094,216,2718,
876,1908,395,719,
877,52,167,
878,2032,1083,
879,1426,1855,1265,530,
880,67,2826,961,1571,
881,1247,2930,528,
882,1366,2416,1429,
883,3018,892,610,
884,1841,2201,932,165,
885,2809,3011,804,2256,950,3177,
886,1620,1543,173,207,
887,1275,1979,1983,
888,3449,2474,
889,364,69,3043,1989,1807,
890,939,1089,
891,36,2140,641,
892,317,883,1499,
893,2036,3307,2776,531,
894,763,1185,519,
895,3082,2655,
896,1077,575,512,3049,
897,37,742,89,
898,947,1103,347,
899,1481,2025,1583,1316,
900,2166,1253,859,2020,
901,2167,906,1244,
902,191,204,3304,
903,1385,3021,114,
904,916,436,2348,86,
905,2703,2666,1074,
906,2838,2325,901,1576,
907,122,1967,781,
908,2330,2388,1768,2712,1892,2893,1936,
909,2177,1928,55,
910,2695,28,2424,1130,
911,2048,3256,
912,435,2735,
913,2615,1766,1851,
914,334,1844,3331,1771,771,
915,425,548,2757,1599,
916,3338,2775,3250,904,
917,117,687,2654,
918,1242,1629,3336,
919,316,452,359,622,
920,1055,3228,2944,2406,1116,
921,2478,1465,812,
922,1036,3081,1781,
923,1197,1415,454,
924,792,1227,1787,
925,2338,2258,445,
926,2664,2604,2759,3027,
927,834,1660,41,
928,2563,3392,
929,657,3114,1470,1884,
930,1810,2660,
931,269,1327,976,
932,477,1225,884,828,
933,1334,3349,2204,2061,
934,1180,125,468,
935,1018,1602,609,
936,240,951,
937,1334,2066,1104,1230,
938,435,3188,1725,1707,2353,
939,2378,890,
940,84,2607,
941,2609,2565,2537,
942,61,3175,1584,
943,1100,3196,629,
944,1666,2504,1947,
945,2090,948,1177,
946,1544,1378,
947,1960,898,2364,
948,945,1192,1284,
949,2083,1347,1328,
950,3266,628,804,885,1514,3177,
951,1533,936,73,1469,
952,110,3085,808,
953,714,1537,3150,
954,1008,403,
955,2424,1130,289,
956,774,1829,2612,
957,67,2412,308,
958,1865,1683,
959,2081,497,1032,2419,
960,799,2907,1506,
961,880,2174,308,
962,2064,2088,2970,
963,1620,2671,620,1859,
964,559,829,2499,
965,435,2565,2347,
966,2197,1806,1333,
967,2452,3069,1237,1387,1438,798,
968,1545,71,771,1579,
969,1171,2050,
970,1942,2715,2279,
971,1002,3283,
972,1291,214,2948,433,2472,
973,2441,1340,688,8,
974,1180,567,2489,259,
975,1749,646,2065,1747,
976,2312,931,1061,
977,2628,2557,1387,798,
978,1101,374,1782,
979,681,1309,2428,
980,2207,2277,
981,753,3172,324,3116,
982,88,
983,82,1329,520,3006,405,
984,2774,1158,
985,2618,3241,2080,
986,1205,449,564,
987,2682,1011,864,
988,2800,1946,1393,
989,3362,668,5,101,
990,2309,481,2724,2498,
991,2727,
992,3357,1606,3312,2104,
993,612,2091,2230,1004,1570,
994,316,2558,2553,
995,161,2118,2686,862,
996,1682,1821,1286,665,
997,2160,1013,595,
998,2429,3009,2119,2590,
999,1809,3457,1464,
1000,460,3170,2706,
1001,2191,1957,2881,
1002,971,1691,1604,
1003,639,76,
1004,3405,1319,993,
1005,2134,1873,1615,
1006,229,1124,2265,1361,
1007,2273,3078,328,1540,
1008,954,3440,2621,1220,
1009,1798,2331,63,
1010,2564,2829,2739,
1011,1601,987,3221,
1012,504,1520,1209,3433,
1013,997,86,3250,
1014,151,1412,1814,
1015,1481,1346,1583,100,
1016,314,1151,1172,814,1250,808,
1017,2237,638,1108,
1018,935,2092,609,
1019,36,1888,861,207,
1020,2008,1023,1097,
1021,2714,592,1773,
1022,453,175,2686,
1023,1191,1020,2009,
1024,202,1102,749,2030,166,
1025,2308,1468,1251,
1026,1452,3335,825,
1027,3151,3429,
1028,2283,1539,2186,553,
1029,2412,453,
1030,515,211,713,
1031,249,833,383,
1032,3080,1287,959,
1033,506,2687,1332,
1034,2496,1267,
1035,1515,3011,2256,
1036,1781,922,3455,2092,
1037,282,2049,1926,1097,
1038,3399,310,
1039,3056,3232,557,
1040,2215,142,3065,1816,
1041,3280,3315,529,
1042,670,744,2161,2920,
1043,2552,345,2458,
1044,3051,2781,2798,
1045,2245,2357,2170,
1046,3062,2435,1554,
1047,319,2736,1894,1753,2362,
1048,1671,3462,689,
1049,1534,379,455,1862,3032,
1050,3393,1741,1677,1307,
1051,1079,2520,3165,
1052,759,2930,1999,
1053,3039,1083,2739,
1054,1924,1445,1536,
1055,2944,920,2408,
1056,1328,595,124,
1057,1783,3406,33,
1058,2217,2497,1423,2398,
1059,613,1779,1342,
1060,2675,26,1358,1272,360,
1061,2598,2312,976,
1062,1916,3234,2679,
1063,1265,2328,
1064,2763,3222,1488,655,
1065,438,53,
1066,1310,1161,1974,
1067,72,1972,1559,
1068,2785,26,1933,2269,
1069,1594,2868,2131,
1070,9,2178,2461,660,
1071,2264,1939,1699,512,
1072,2466,1751,3048,2079,
1073,1233,270,3344,2680,
1074,905,2922,409,2666,
1075,37,2221,
1076,3138,1403,3239,2228,
1077,896,1178,512,2226,
1078,2518,3318,542,
1079,1955,2909,2019,3124,1051,
1080,2955,331,1198,265,
1081,2074,2594,3360,
1082,105,1567,2058,
1083,2829,878,1053,
1084,1564,1266,1130,289,
1085,604,216,
1086,3157,3134,1783,
1087,3452,2276,163,2087,
1088,2897,2965,1447,3107,
1089,890,2110,
1090,9,2517,2527,396,
1091,179,1489,2061,
1092,1284,1177,
1093,757,2504,2968,2531,
1094,3327,3079,1880,
1095,391,1308,1460,2803,
1096,2576,2145,1432,
1097,1037,1020,2942,
1098,3074,1964,2604,
1099,402,3080,31,2257,
1100,346,943,
1101,978,543,3265,
1102,634,85,1618,1024,
1103,1649,898,1925,
1104,2635,937,540,1701,
1105,3334,1846,
1106,637,2193,2435,1240,1461,
1107,1311,2963,220,
1108,661,606,1017,
1109,1194,254,
1110,754,1799,3467,
1111,1689,2098,206,1913,
1112,1436,3408,
1113,547,560,3377,1541,
1114,2337,2386,2519,518,
1115,2377,2953,
1116,920,3020,
1117,170,97,2462,
1118,1306,1708,1407,1200,3427,2393,
1119,1757,1182,1867,1141,
1120,3333,3103,2906,1825,
1121,126,1791,
1122,1256,2853,
1123,2972,826,572,1230,
1124,1375,2414,1006,3227,
1125,2778,281,117,345,
1126,3092,1615,3256,17,
1127,3015,1365,1138,
1128,416,215,
1129,2541,1652,1172,424,
1130,1084,955,910,523,
1131,1715,834,1258,2632,7,
1132,1234,192,2723,
1133,1917,1432,
1134,3255,203,
1135,566,795,2319,
1136,3173,3104,812,111,
1137,1271,1912,3055,
1138,291,2851,1365,1127,
1139,1953,282,2049,
1140,2359,2910,1459,2942,
1141,52,1119,167,
1142,303,866,2167,2455,1250,
1143,3187,1558,168,
1144,1917,318,322,1398,
1145,3225,652,185,550,
1146,1877,1649,1925,1296,
1147,459,723,491,
1148,2546,1681,2270,
1149,3062,3236,1461,
1150,1263,1900,390,1609,
1151,1016,1591,
1152,3115,2814,
1153,2094,2403,1932,1321,2632,
1154,2380,1597,3085,
1155,3351,2084,3121,2393,
1156,2524,2433,53,
1157,2978,385,1280,
1158,984,2959,2463,1399,
1159,1987,304,1668,513,208,
1160,722,569,357,
1161,1066,2813,1569,248,
1162,2183,3120,2427,
1163,2884,2197,3130,
1164,867,2907,2765,
1165,2575,859,1811,2562,2020,3158,
1166,2696,2249,1597,
1167,868,1697,41,415,
1168,2468,
1169,2114,2150,801,1881,2627,
1170,1362,1996,2225,3189,
1171,2149,2274,1520,969,
1172,2541,1129,1016,808,
1173,3076,258,431,
1174,2054,3024,99,
1175,1887,3,1901,817,
1176,3447,2485,2400,
1177,278,2932,945,1092,
1178,2577,1077,
1179,1798,733,2266,3010,2924,
1180,974,2489,259,934,468,
1181,791,594,2164,
1182,2608,1119,578,
1183,580,354,344,
1184,2317,2438,2795,
1185,763,894,
1186,476,1486,276,
1187,2259,402,2656,2376,
1188,2933,2107,1787,
1189,1653,1392,3233,
1190,421,3340,2375,
1191,3077,1926,1023,2470,
1192,2208,1284,948,
1193,1464,274,1762,1470,
1194,35,254,1343,1109,
1195,3242,526,17,
1196,2206,2179,
1197,2831,923,1624,
1198,24,1295,1199,1080,
1199,1198,1295,500,
1200,3336,1407,1118,
1201,525,1214,2343,1859,1360,
1202,2707,
1203,579,3214,51,1914,
1204,2504,118,1947,1507,
1205,657,986,
1206,1451,1343,34,2952,
1207,1312,2211,
1208,762,2451,722,3444,196,
1209,1776,1012,187,
1210,3069,1575,2899,
1211,356,2028,141,2229,
1212,3363,483,1382,780,
1213,704,764,3302,
1214,1201,3249,621,
1215,2593,3021,
1216,2422,3238,2469,
1217,2282,3062,1800,2435,1685,
1218,671,2038,2420,
1219,398,743,2892,1746,1578,2668,
1220,1008,3281,2854,2613,
1221,2006,2851,1314,
1222,464,1938,1808,
1223,3415,1577,2213,
1224,10,274,40,653,
1225,932,3356,1280,
1226,3028,2174,308,
1227,2764,2107,924,
1228,3141,2483,664,
1229,1354,1290,396,
1230,1123,937,826,
1231,545,2369,
1232,1426,2525,2271,
1233,335,1994,833,1073,
1234,785,2195,1353,1132,
1235,600,2962,2405,1283,3328,
1236,695,1739,1367,
1237,3293,1438,967,
1238,2075,2144,1529,2401,
1239,734,104,
1240,3093,2193,1106,1461,
1241,3141,2483,2828,1530,
1242,918,25,2348,3094,
1243,2571,1446,2685,770,
1244,1901,901,311,
1245,1749,151,2186,360,
1246,667,3431,1519,
1247,881,528,19,
1248,600,1301,3198,2351,
1249,1770,520,1957,
1250,1142,1978,692,814,1016,
1251,2896,2172,2332,1025,
1252,2980,556,2860,
1253,2166,900,3376,751,
1254,2931,3422,3445,2109,
1255,3111,3011,1513,
1256,1122,2522,
1257,263,1477,3277,
1258,211,1131,7,
1259,2843,547,560,145,
1260,2904,351,680,2663,2021,
1261,848,1404,517,
1262,697,3248,1938,2190,
1263,1150,93,
1264,378,345,109,
1265,879,197,1063,
1266,1084,58,1564,381,3202,
1267,1730,465,1034,
1268,1945,107,112,
1269,2210,440,2136,
1270,416,627,2659,540,
1271,1137,147,
1272,26,1060,2269,
1273,2940,3060,3373,
1274,427,734,1319,
1275,2251,887,2552,109,
1276,2782,2476,156,
1277,2315,3208,1858,2529,
1278,1924,1536,2066,165,
1279,1982,1350,443,
1280,810,477,1225,1157,
1281,2681,466,
1282,2387,3132,2398,
1283,385,1235,3328,3269,
1284,1092,1192,948,2345,
1285,579,2039,1914,
1286,1682,347,996,
1287,1032,3245,31,1463,
1288,480,1669,816,798,
1289,3128,2667,2692,146,
1290,2073,2722,2641,1229,
1291,972,460,2303,433,2472,
1292,1356,1694,1497,
1293,2308,1595,2958,3000,
1294,378,
1295,2955,1198,1199,
1296,847,2705,1146,
1297,2756,842,1836,
1298,1452,239,3432,
1299,11,253,3192,
1300,762,94,174,631,
1301,600,1714,1248,2351,
1302,205,1627,
1303,2744,1400,2377,
1304,116,2826,2861,175,
1305,782,2587,380,
1306,2024,1118,3427,
1307,2824,1408,1050,
1308,1830,1095,3350,
1309,979,2219,1699,3156,
1310,1066,1325,1366,2876,
1311,2741,3084,2789,1107,2464,
1312,593,75,1207,
1313,2192,2292,2457,
1314,3174,2360,1221,
1315,2695,1445,2723,2060,
1316,3086,899,2448,
1317,741,636,2367,
1318,3375,689,3003,
1319,427,3405,1004,1274,
1320,3025,1765,79,
1321,2403,1932,1153,
1322,2057,2415,499,2384,
1323,509,125,1571,
1324,2115,2454,1663,
1325,268,1310,2502,1366,1982,2876,3022,
1326,138,740,2017,377,
1327,1614,931,
1328,820,1056,210,2083,3294,595,949,
1329,306,983,166,
1330,2406,3017,338,
1331,250,2879,3012,
1332,364,536,1033,
1333,2430,966,1806,
1334,157,937,933,2270,
1335,2395,1444,375,
1336,68,2639,1661,
1337,873,2687,1795,
1338,2976,195,2326,
1339,784,3136,2052,
1340,470,973,2766,183,
1341,3014,819,
1342,3305,1059,
1343,1194,1206,34,
1344,1968,2119,2794,2022,
1345,1750,1629,3332,
1346,1854,3369,1874,1015,
1347,949,2634,
1348,1622,2519,3372,1773,
1349,3381,3266,2809,
1350,35,1279,
1351,3261,220,1873,
1352,2914,395,
1353,1234,2695,2723,2424,
1354,3358,2641,1229,
1355,3393,638,2237,1677,
1356,3077,1292,1694,
1357,2883,116,2861,175,
1358,1363,1566,1060,3288,
1359,1394,2219,1845,2303,
1360,1201,1664,1859,
1361,3184,97,2462,1006,
1362,1170,3189,3262,
1363,1566,1358,3288,1425,
1364,2410,3023,
1365,1977,2851,1138,1127,
1366,1310,2570,1325,882,2876,
1367,1236,2152,1984,3150,
1368,2273,3078,2356,2185,
1369,138,1427,377,
1370,1494,2101,1718,773,
1371,2886,
1372,2808,3033,597,
1373,715,74,2835,
1374,1474,2879,1624,
1375,1124,1501,675,
1376,2299,1709,
1377,3447,2485,2550,
1378,3403,946,2372,
1379,2963,2386,3062,518,
1380,1721,2651,1632,2354,
1381,858,305,1389,
1382,290,1638,1212,3352,
1383,3144,596,2921,
1384,2845,1973,153,
1385,2303,903,114,
1386,2689,1828,1966,
1387,2452,2096,967,977,3263,
1388,3403,2000,3112,1471,
1389,2299,858,1381,88,
1390,3079,3312,2104,
1391,3275,60,14,2822,
1392,1432,1189,863,
1393,988,604,1793,
1394,200,3271,1359,
1395,2763,1630,2239,3222,
1396,2035,2287,3204,
1397,2801,2520,1815,
1398,127,318,1144,
1399,504,1158,
1400,2745,1303,117,
1401,162,1845,
1402,767,2499,1729,
1403,3151,1076,640,
1404,848,2042,255,1261,
1405,476,2696,1550,1740,
1406,775,2559,527,2012,259,
1407,1118,1200,2790,1883,3332,
1408,1307,2959,1677,
1409,1656,2984,2610,471,133,287,
1410,404,475,
1411,649,3253,542,
1412,1749,356,1014,
1413,1740,586,719,
1414,3211,1550,2249,1644,
1415,865,2082,3146,923,
1416,3197,1448,
1417,3410,3459,2475,
1418,2308,2958,1468,
1419,365,2580,3290,
1420,1476,2900,1796,
1421,2752,3279,1890,585,
1422,1604,3436,3065,
1423,1058,1795,
1424,1442,2063,2417,
1425,1363,2602,2198,
1426,1232,879,60,
1427,2223,532,1690,740,70,1369,332,
1428,2254,2603,2589,665,
1429,2570,882,1962,
1430,280,12,1440,
1431,3073,1684,2131,
1432,1133,1096,1392,863,
1433,2389,1485,246,
1434,2337,445,
1435,1521,2806,3461,
1436,1112,2382,112,2352,
1437,799,1674,3208,712,
1438,318,1237,967,3223,816,1720,
1439,428,2793,2708,
1440,2478,1963,1430,2307,
1441,2330,3189,1936,
1442,838,555,1424,2214,
1443,352,306,672,1662,
1444,1335,3052,1872,577,
1445,1054,2418,1315,2700,
1446,326,2650,1243,
1447,1088,789,
1448,379,2304,1416,
1449,2917,1560,113,
1450,269,3212,2209,
1451,652,1206,1719,
1452,1026,2233,2886,1298,
1453,1614,632,
1454,2600,3429,2241,
1455,2988,502,
1456,1516,3068,272,
1457,1607,2427,
1458,2704,1471,1950,
1459,1953,2049,1140,2188,
1460,3168,1095,391,809,
1461,1149,3093,570,1783,1240,1106,
1462,2097,851,585,
1463,2740,3098,1287,
1464,999,1193,3114,
1465,812,921,
1466,534,481,1938,502,
1467,2811,1796,
1468,1418,3459,2475,1025,
1469,2316,3184,951,
1470,657,2943,929,1193,1884,
1471,2858,1388,3240,1458,
1472,436,852,86,511,
1473,1713,2527,3364,
1474,1374,828,
1475,2219,2303,1699,
1476,1420,237,
1477,1689,1257,72,1913,
1478,0,3013,
1479,690,2374,
1480,2370,3421,2649,1961,
1481,899,1538,429,1015,
1482,743,673,182,3424,3215,431,
1483,2258,3133,2562,2306,
1484,419,1856,2344,
1485,2389,395,1433,
1486,2597,3187,1186,836,276,
1487,2068,177,
1488,3001,1853,1538,2977,1064,
1489,3100,572,1091,
1490,2715,1626,
1491,137,2124,
1492,2681,696,
1493,279,2623,2085,
1494,307,1370,3373,
1495,163,2301,2087,
1496,218,21,16,737,
1497,417,1292,1642,1670,
1498,2403,211,450,1761,7,
1499,353,62,892,1808,
1500,2620,2341,2840,730,217,
1501,1375,697,1727,188,
1502,2953,376,2076,1585,
1503,1977,2000,3390,850,
1504,139,2957,2069,1863,
1505,3413,353,1700,1808,
1506,3159,2915,2296,960,
1507,1204,2754,5,1736,
1508,3157,423,2708,
1509,3301,3389,1561,
1510,3070,3210,2820,2199,
1511,2268,1642,1670,
1512,343,2773,2902,
1513,1515,2532,1255,2154,
1514,950,1571,643,
1515,2234,194,2099,1513,1035,
1516,2016,765,1456,818,
1517,756,853,
1518,2125,3299,3463,
1519,2412,2323,1246,2806,
1520,2274,1171,1012,
1521,1435,2192,2001,3461,
1522,182,258,3460,431,
1523,2954,284,3108,
1524,657,735,
1525,1992,3305,1779,569,
1526,2905,1931,1975,
1527,3447,506,2547,
1528,2485,15,3163,2320,
1529,3401,3260,1238,2401,
1530,283,2118,2686,1241,
1531,1931,1975,2529,2336,
1532,261,2662,626,2895,
1533,419,410,1548,951,
1534,1819,1049,3164,455,
1535,2517,1801,2185,457,
1536,1054,1278,746,2574,
1537,953,1969,2043,
1538,1481,2977,1488,655,
1539,2177,1028,2900,55,
1540,1007,252,768,3030,
1541,45,1113,224,1786,
1542,589,873,2550,2040,
1543,698,3047,886,
1544,946,1589,3240,2196,
1545,1648,1616,968,
1546,2402,2361,
1547,2458,
1548,1533,3083,1997,
1549,2429,2159,2119,2022,
1550,2696,1405,1414,
1551,833,2416,383,
1552,326,2011,1874,
1553,1650,1903,1686,1839,
1554,3062,1046,1685,
1555,2637,1876,
1556,2062,1809,2335,
1557,754,605,3467,2373,
1558,1714,1143,505,1740,168,363,
1559,81,1067,2831,
1560,209,2012,1449,
1561,1509,1792,337,
1562,2,758,1763,
1563,2771,3023,
1564,1084,783,1266,3202,289,
1565,1650,1839,2170,
1566,1363,1358,2730,2198,
1567,2492,301,1082,
1568,3310,2746,2922,494,
1569,2913,1161,3313,2263,
1570,1684,2901,993,1861,
1571,880,509,2782,1514,1323,
1572,1776,223,187,2120,
1573,1657,801,1735,
1574,3242,526,2903,
1575,2836,1576,1720,1210,
1576,906,2836,387,1575,
1577,1223,3229,
1578,398,3418,2923,2415,1745,1219,
1579,1648,292,1965,968,
1580,753,3172,2103,
1581,160,353,522,
1582,2900,3317,55,
1583,1854,899,1015,2163,
1584,2349,942,2297,
1585,2275,1502,1973,369,
1586,3050,2324,2766,183,
1587,1893,2760,300,
1588,2122,241,2560,2788,
1589,1544,3315,3064,
1590,721,2510,392,
1591,1151,505,256,586,
1592,2411,3044,1795,
1593,3016,2044,473,2046,3137,
1594,1069,2104,
1595,3019,1293,484,
1596,524,603,1939,
1597,2249,1154,2380,1166,586,
1598,2719,667,3191,711,
1599,915,3325,299,
1600,2980,2027,312,325,
1601,426,1011,790,
1602,935,2092,1840,
1603,533,3155,2556,
1604,1002,1422,
1605,733,2266,558,844,2924,
1606,3152,2473,992,
1607,1457,3233,863,
1608,2807,3167,3244,2530,
1609,1150,2505,136,
1610,857,1734,662,3361,
1611,178,2069,2730,
1612,1833,3008,3303,718,
1613,3399,2269,2139,
1614,2598,1453,1327,3383,
1615,3217,2494,1126,1005,
1616,1545,619,17,1976,
1617,635,2705,3142,
1618,159,1102,85,
1619,2509,3192,154,
1620,963,861,1754,886,
1621,2405,2583,276,
1622,171,1348,1902,1773,
1623,3076,673,3215,431,
1624,1374,1197,2155,
1625,446,3376,3384,226,
1626,2279,2013,1490,
1627,3337,1302,
1628,2433,1660,642,
1629,1345,918,25,
1630,3118,2116,47,1395,
1631,2342,1710,
1632,1721,1380,6,
1633,479,2045,2698,
1634,1749,1837,
1635,2538,2677,845,
1636,874,3030,2089,
1637,634,2102,
1638,280,1382,1883,
1639,1640,744,560,
1640,2830,2843,1639,
1641,335,2294,312,
1642,1511,51,1497,
1643,1719,34,
1644,3211,1414,3397,2648,
1645,2481,1695,853,
1646,3284,824,487,2419,
1647,1650,1686,2605,
1648,1545,17,1579,
1649,2364,1103,1146,77,
1650,1565,1553,542,1647,
1651,2122,2747,659,
1652,452,1129,622,424,
1653,658,2684,1189,
1654,810,821,841,694,
1655,3311,232,2382,
1656,2610,2921,1409,
1657,1573,1735,3287,620,
1658,3140,1938,700,502,
1659,2248,2773,2051,
1660,927,1628,1692,
1661,2639,1336,301,
1662,1443,3,817,
1663,1730,1324,426,2936,444,
1664,2343,1735,1360,
1665,2477,1979,
1666,2742,65,944,
1667,3071,1920,
1668,1987,304,1159,210,2535,208,
1669,2145,1288,
1670,3077,1511,1497,187,
1671,1907,2540,1048,
1672,2093,2923,2622,
1673,2585,3396,854,
1674,850,1437,2827,
1675,1959,1793,1864,
1676,446,2363,3384,
1677,1355,1408,1050,
1678,57,800,124,
1679,748,2437,2822,493,2841,
1680,3100,1764,
1681,137,823,84,2546,1148,
1682,1925,347,1286,996,
1683,958,2169,1950,
1684,3073,1431,1570,
1685,1217,2779,1554,
1686,3330,1553,1647,
1687,2363,807,3283,
1688,1821,1838,3304,
1689,1111,3365,1477,
1690,532,1427,748,
1691,2990,1002,3436,3283,
1692,1660,2862,
1693,1733,792,1787,781,
1694,1292,1356,2009,
1695,2299,2481,1645,2014,
1696,381,6,2967,
1697,2749,41,2426,1167,
1698,3017,608,3438,
1699,1475,1071,1309,
1700,353,1505,700,
1701,840,1104,215,
1702,839,203,2581,
1703,2774,1991,
1704,2082,3146,3012,
1705,239,3432,3409,
1706,2753,705,1912,147,
1707,938,1725,420,
1708,290,3226,1118,1883,
1709,1376,3455,630,
1710,2792,1631,
1711,0,174,631,432,
1712,1835,2674,577,2476,
1713,1473,3281,552,
1714,1301,3270,1740,1558,363,
1715,3367,1131,2459,
1716,2650,2991,2961,
1717,410,2866,
1718,786,1370,2940,773,
1719,1451,2479,3145,616,1643,
1720,3069,1575,1438,
1721,482,1380,1632,2967,
1722,820,1778,2832,
1723,813,2919,2821,
1724,269,3212,726,
1725,938,1707,735,
1726,128,1851,
1727,732,1501,2497,474,
1728,1887,1803,
1729,2719,1402,1934,
1730,1267,2672,465,1663,
1731,3100,821,1988,694,
1732,83,1769,727,
1733,1693,96,2862,2783,
1734,2878,1610,2531,
1735,1664,1657,1573,
1736,118,3026,1507,
1737,2897,2159,3420,
1738,676,414,
1739,714,1236,3150,247,
1740,1714,1405,1558,1413,256,
1741,3058,51,1785,1050,
1742,2873,2163,466,
1743,2922,2703,2173,
1744,400,2627,2015,
1745,398,3418,2892,2857,1578,
1746,11,659,1219,
1747,356,975,737,
1748,1768,2434,1996,3016,2129,
1749,1245,1412,975,1634,
1750,1345,25,2775,
1751,23,3444,2277,1072,
1752,2621,552,
1753,2282,1047,1894,3158,2399,
1754,1620,2298,2671,3047,
1755,2126,1921,2199,
1756,3326,54,
1757,831,93,3231,1119,
1758,2315,2517,396,
1759,1951,2179,279,2085,
1760,614,561,611,
1761,450,1498,2176,
1762,1809,1193,653,
1763,2701,1562,2200,98,
1764,179,401,1680,
1765,428,1320,2793,
1766,913,870,2023,
1767,2703,685,1902,
1768,908,3161,1748,
1769,83,1732,2881,
1770,2979,749,1249,
1771,336,3331,914,
1772,441,3446,2138,
1773,3097,1622,1348,1021,
1774,753,3116,501,
1775,2041,725,198,
1776,1572,3433,1209,
1777,1905,475,
1778,1722,2487,
1779,2466,1525,1059,
1780,1968,2794,
1781,1036,922,78,
1782,978,351,2021,2849,
1783,2208,1086,1057,1461,
1784,1791,2388,1892,519,3061,
1785,3393,2842,1741,3058,
1786,1882,1541,2232,
1787,1693,1188,924,
1788,2533,663,18,
1789,3238,2324,2766,2469,
1790,2479,2567,
1791,3045,1784,3061,1121,
1792,3286,2520,1561,
1793,1675,255,2642,1393,
1794,3333,3148,2313,1825,
1795,1337,1423,1592,
1796,1467,1420,472,
1797,72,164,
1798,1009,3010,2261,1179,
1799,1110,2670,
1800,3062,2435,1217,2779,
1801,2315,2356,1535,2185,2529,
1802,48,746,289,
1803,615,1728,
1804,1970,2728,1935,
1805,2749,2175,225,2426,
1806,1871,966,1333,
1807,889,777,1940,
1808,1222,1505,1499,
1809,1556,2816,999,1762,
1810,1869,930,537,
1811,2575,2697,1165,2399,
1812,2041,200,2864,
1813,3407,2573,297,3258,633,
1814,2440,1014,
1815,1397,3298,3320,
1816,2990,1040,3436,
1817,2538,548,845,
1818,172,2499,2157,
1819,1534,793,2492,3032,
1820,2933,122,772,89,
1821,1688,665,996,
1822,2890,711,633,
1823,1907,2242,844,
1824,1879,2444,619,2725,
1825,3247,2503,1794,1120,
1826,2652,
1827,1870,630,
1828,2689,2609,1386,2565,
1829,774,956,1849,
1830,449,1308,564,3075,
1831,2317,2986,2795,
1832,455,1862,
1833,1612,464,618,263,
1834,3366,2938,2995,1967,
1835,1712,2218,2674,
1836,842,2381,1297,
1837,2177,2065,2186,1634,
1838,2142,204,2603,1688,
1839,1565,108,1553,
1840,1602,2757,
1841,477,2972,884,339,
1842,2985,676,2270,
1843,669,2181,442,3300,
1844,566,2149,2274,914,
1845,1401,1878,1359,114,
1846,3251,625,2227,1105,
1847,668,5,3425,
1848,3248,62,474,
1849,128,1829,2612,2153,
1850,856,2123,2293,120,
1851,2615,1726,913,
1852,3296,243,818,
1853,3335,825,1488,
1854,1346,1583,3246,
1855,879,3201,584,
1856,1484,410,2130,
1857,218,481,16,717,
1858,3358,1277,2641,
1859,1201,963,1360,
1860,516,2698,3433,2047,
1861,3042,3390,3005,1570,
1862,1049,2304,1832,
1863,139,1504,2069,6,2727,
1864,1675,3119,348,155,
1865,958,2655,
1866,3173,350,236,
1867,2608,3235,1119,
1868,740,532,2067,
1869,1810,2660,2369,
1870,92,1827,583,78,
1871,3355,1806,
1872,1444,388,
1873,1351,1005,830,
1874,3464,1346,1552,
1875,1889,3466,736,
1876,2385,2000,1555,
1877,1925,1146,3142,
1878,162,1845,3029,2350,
1879,2444,1824,1905,
1880,2670,1094,123,
1881,1169,801,2678,2627,
1882,2741,755,224,1786,
1883,1638,2253,1708,1407,
1884,44,2943,929,1470,576,2157,
1885,1988,580,823,836,2726,
1886,2681,683,
1887,3,1175,1728,1999,
1888,2140,1019,2935,186,
1889,2720,2802,2588,1875,
1890,3279,1421,3210,
1891,464,368,618,
1892,908,2998,2799,1784,1936,3061,
1893,686,2760,1587,
1894,1047,1753,2399,
1895,2355,2693,3035,277,
1896,2512,2983,3156,
1897,679,342,596,
1898,3237,1910,2758,2798,
1899,3025,79,
1900,1150,418,779,
1901,1244,1175,
1902,1767,1622,2714,2666,
1903,3330,108,1553,
1904,3034,2058,699,2326,
1905,1777,1879,2856,2050,
1906,448,788,
1907,1671,2242,872,3375,1823,2880,689,
1908,876,395,719,
1909,2030,749,
1910,1898,3243,2194,629,
1911,2431,15,113,
1912,2916,1137,1706,708,144,2306,3126,
1913,1111,3113,1477,
1914,579,1203,1285,
1915,2124,
1916,3226,1062,780,
1917,1133,1144,
1918,2468,2738,
1919,1979,109,
1920,707,1667,378,
1921,2321,3183,708,1755,
1922,3370,2511,3264,
1923,2913,2329,2877,2263,
1924,1054,1278,1990,
1925,1877,1682,1103,1146,
1926,690,1037,1191,105,
1927,2769,813,663,3121,
1928,485,2065,909,
1929,2430,201,2231,
1930,304,181,2070,513,208,
1931,1526,2767,1531,
1932,2403,1153,1321,3040,
1933,1068,26,2730,
1934,829,1729,
1935,2488,3193,1804,
1936,2330,908,3276,1892,677,1441,
1937,126,351,2663,
1938,1222,1658,3140,1466,700,2988,1262,
1939,1071,1596,1998,575,
1940,666,364,1807,
1941,2181,2187,2156,
1942,2844,132,970,
1943,2585,1994,312,
1944,3180,3115,
1945,3311,1268,2867,
1946,988,3367,2688,
1947,1204,65,944,
1948,2216,1955,
1949,3052,593,75,42,
1950,1683,1458,
1951,2206,251,1759,2168,
1952,537,212,472,
1953,282,64,1139,1459,
1954,2524,176,300,
1955,1079,1948,
1956,3331,771,2071,
1957,2979,1001,1249,
1958,2720,
1959,1675,366,348,
1960,947,674,
1961,695,2578,1480,
1962,335,2294,1429,
1963,12,1440,2033,
1964,2041,725,2864,1098,
1965,71,2086,2939,1579,
1966,1386,
1967,291,907,1834,2783,
1968,1780,2119,1344,
1969,714,1537,2699,
1970,1804,3300,
1971,2218,2211,
1972,459,81,1067,3365,
1973,1384,3400,1585,
1974,1066,651,
1975,2273,2356,1526,1531,
1976,3242,2725,1616,
1977,1365,1503,
1978,3106,1250,3385,
1979,887,1665,1919,
1980,687,2458,
1981,581,547,145,
1982,268,1325,1279,
1983,887,687,2829,
1984,2578,1367,3324,
1985,2290,2545,2860,3176,349,563,
1986,2503,3361,
1987,1159,210,745,1668,
1988,1731,3343,401,2737,1885,
1989,889,69,3043,536,2937,
1990,190,1924,215,
1991,566,1703,
1992,3305,1525,2023,
1993,2772,118,153,2531,
1994,1233,1943,2680,
1995,3050,842,
1996,425,1170,2434,2044,1748,
1997,388,1548,
1998,2264,1939,2212,
1999,2676,1887,3117,1052,
2000,752,1388,1503,1876,
2001,2235,439,1521,3461,
2002,2234,2365,664,
2003,2443,2379,2515,2297,
2004,200,2512,198,
2005,3001,2977,
2006,3174,850,1221,
2007,556,2898,2660,
2008,1020,2009,2910,
2009,2008,1694,1023,2643,
2010,3230,763,2693,
2011,3464,3322,1552,
2012,2480,1406,1560,
2013,2955,331,1626,
2014,3259,461,1695,
2015,1744,
2016,1516,724,3194,2132,
2017,740,138,1326,377,332,
2018,3098,3299,3463,
2019,1079,2490,3124,
2020,859,2333,900,1165,
2021,2663,1782,1260,
2022,1549,3420,1344,789,
2023,1766,1992,2357,870,
2024,1306,2821,3427,
2025,899,2448,655,
2026,2429,251,3296,2159,
2027,1600,650,325,598,
2028,21,1211,356,737,
2029,503,37,3208,2618,
2030,1909,749,1024,
2031,2616,24,500,2039,
2032,2561,2999,878,
2033,1963,2307,3186,
2034,2780,3169,2358,2515,
2035,3326,508,1396,
2036,408,143,893,2401,
2037,327,2510,2102,
2038,671,2437,1218,493,
2039,2616,1285,500,2031,3290,
2040,1542,2191,2550,2189,
2041,1775,1812,1964,
2042,2158,1404,
2043,1537,3397,2648,
2044,1593,2434,1996,
2045,2374,1633,2047,
2046,1593,571,3161,
2047,2422,1860,2045,
2048,292,911,
2049,1037,2359,1139,1459,
2050,2149,2974,969,1905,
2051,2773,1659,3185,
2052,1339,447,
2053,838,2141,271,2205,
2054,783,221,1174,654,
2055,3217,3092,2396,2903,
2056,3418,38,2446,3107,
2057,649,499,2848,1322,
2058,2436,1904,1082,
2059,2852,827,299,
2060,860,2101,3437,1315,
2061,401,3349,933,1091,
2062,1556,601,135,
2063,3,2417,1424,
2064,962,2300,482,2967,43,
2065,485,975,1837,1928,
2066,190,937,1278,339,
2067,1868,748,332,
2068,2414,1487,
2069,1611,1504,1863,
2070,304,1930,803,
2071,336,1956,619,
2072,3013,2706,
2073,1290,389,2613,3278,
2074,2954,1081,3108,
2075,2762,1238,2144,2833,
2076,1502,3323,234,
2077,739,2616,365,3425,
2078,2344,2130,2680,
2079,569,1072,
2080,2484,686,176,985,
2081,402,2656,3080,959,
2082,1704,2879,1415,
2083,210,1328,949,2634,
2084,3351,1155,3094,2393,
2085,1759,1493,2168,750,
2086,3353,1965,102,
2087,1087,1495,
2088,962,3146,3012,773,
2089,2755,1636,678,
2090,2894,945,
2091,612,3267,993,
2092,1018,1036,1602,
2093,3456,1672,3129,79,
2094,875,1153,2176,
2095,0,2117,
2096,1387,2947,3263,
2097,3070,2820,1462,
2098,1111,459,3365,491,
2099,1515,2234,2748,203,3011,
2100,2563,508,2750,
2101,860,746,2060,1370,
2102,1637,2431,2037,
2103,2657,456,1580,
2104,1594,992,1390,3312,
2105,3221,2828,562,
2106,2151,392,309,
2107,2764,2482,1227,1188,
2108,304,745,803,208,
2109,1254,706,394,
2110,3056,2873,1089,
2111,239,2969,
2112,2931,280,738,
2113,3172,324,2222,
2114,1169,
2115,1324,2483,664,
2116,47,1630,2239,
2117,2095,2358,2349,2706,
2118,161,283,2154,562,1530,995,
2119,1968,998,1549,1344,
2120,1572,590,223,
2121,2371,3024,2474,
2122,2560,1651,1588,
2123,644,2494,3097,1850,
2124,1491,1915,
2125,2740,1518,121,
2126,3395,3210,1755,
2127,170,777,
2128,3101,2486,2792,2614,
2129,425,3402,677,1748,
2130,1856,2078,837,
2131,2868,427,1069,1431,
2132,3050,2016,3194,
2133,2246,2522,
2134,644,2494,1005,830,
2135,10,766,2288,
2136,2210,1269,440,2212,
2137,141,2665,618,
2138,2719,3191,1772,2523,
2139,3399,2651,1613,2727,
2140,36,2694,1888,891,
2141,2053,271,3116,3346,501,
2142,2456,1838,3434,514,
2143,2652,571,3340,
2144,3401,2075,1238,3067,
2145,2366,1096,1669,
2146,466,2872,
2147,495,3462,2461,689,
2148,2432,706,871,
2149,1844,1171,2050,404,
2150,1169,
2151,2106,392,309,
2152,140,1367,142,3065,
2153,3371,1849,434,
2154,283,2118,1513,
2155,1624,3017,608,828,
2156,2187,1941,2165,
2157,44,1818,1884,
2158,315,2042,2642,465,
2159,1737,1549,2026,
2160,997,852,86,
2161,755,2554,275,1042,
2162,2346,
2163,3086,1583,3004,1742,
2164,91,1181,2605,
2165,2291,2156,
2166,1253,900,751,
2167,1142,901,3342,
2168,1951,2429,3009,2085,
2169,1683,3082,2704,
2170,2245,1045,1565,
2171,3231,2505,2271,
2172,146,1251,
2173,3310,1743,2319,
2174,1226,761,961,
2175,384,656,1805,
2176,2094,1761,2718,
2177,909,1837,1539,
2178,2517,1070,457,
2179,1759,1196,818,
2180,330,205,257,445,
2181,1843,442,1941,
2182,600,3270,3198,
2183,1162,584,2427,
2184,3205,819,
2185,1535,1801,1368,
2186,1028,1245,3288,1837,
2187,558,2156,1941,
2188,4,1459,2313,624,
2189,873,2040,
2190,675,1262,
2191,1001,2040,
2192,2235,1313,1521,
2193,3297,2566,1240,1106,
2194,3321,2460,1910,458,
2195,1234,48,2424,289,
2196,1544,641,
2197,741,966,1163,3355,
2198,178,1566,1425,
2199,1510,3179,2528,1755,
2200,2701,1763,2595,
2201,884,828,2574,
2202,229,2937,769,
2203,3391,2474,3135,3398,
2204,572,3349,933,
2205,2053,324,3116,2214,
2206,1951,1196,
2207,980,2818,
2208,1192,284,1783,2594,
2209,2478,2307,1450,
2210,13,2379,1269,2136,
2211,115,1971,2917,1207,
2212,13,1998,2136,703,
2213,1223,2975,3415,
2214,1442,776,2205,
2215,1040,2425,2619,
2216,262,1948,
2217,732,1058,541,
2218,1971,2511,1835,
2219,1475,1359,788,1309,
2220,733,2261,442,
2221,1075,712,
2222,2113,776,264,
2223,2452,532,1427,
2224,2971,868,2581,550,815,
2225,3251,2677,1170,
2226,524,1077,2368,
2227,3334,1846,3120,
2228,3138,1076,
2229,1211,21,218,368,
2230,3267,451,993,
2231,1929,647,535,413,
2232,45,1786,2464,
2233,1452,3432,605,
2234,1515,515,2532,194,2002,203,2365,2099,
2235,2001,2192,2292,
2236,2276,2640,184,
2237,2842,1355,1017,
2238,867,3112,565,
2239,2116,1395,370,3131,
2240,3310,795,2319,494,
2241,1454,2447,
2242,1907,872,1823,844,
2243,3274,3128,2295,2692,
2244,342,3132,727,
2245,1045,2170,701,
2246,2133,2609,235,
2247,3298,3135,2584,3190,
2248,1659,2334,3185,
2249,3211,1414,1166,1597,
2250,2728,2854,802,
2251,1275,2458,
2252,811,3345,2262,
2253,2786,1883,199,
2254,1428,2392,
2255,2540,3196,546,3462,
2256,3011,885,3177,1035,
2257,369,1099,2912,
2258,1483,3133,925,2306,
2259,3362,1187,101,
2260,2363,574,807,
2261,1798,2220,2729,
2262,2252,510,
2263,1923,1569,66,
2264,1071,1998,703,
2265,2316,293,2414,1006,
2266,733,1605,2924,1179,
2267,2683,266,
2268,2885,1511,2959,
2269,1613,1068,26,1272,
2270,1334,1842,1148,
2271,1232,2608,2171,
2272,2402,180,3066,
2273,1007,2927,1368,1975,
2274,1844,1171,1520,
2275,376,1585,31,
2276,1087,2236,2640,2742,
2277,23,980,1751,
2278,2622,2467,594,
2279,2715,132,27,1626,970,
2280,3056,538,
2281,706,632,
2282,2435,1753,1217,3158,
2283,1028,2602,3288,
2284,636,2312,726,3416,
2285,326,538,3246,770,
2286,2863,2987,
2287,2413,1396,3392,
2288,2135,829,2523,
2289,386,3412,63,
2290,651,3176,3022,1985,
2291,2621,403,2165,
2292,2235,3028,1313,
2293,597,1850,2536,
2294,2980,335,1962,1641,
2295,2243,3401,490,3067,
2296,2907,1506,728,720,
2297,2780,2003,1584,
2298,2784,2453,2683,1754,
2299,1376,2481,1695,1389,630,
2300,2064,43,
2301,163,693,1495,
2302,3333,2812,2313,
2303,1385,1291,1475,1359,
2304,1448,1862,
2305,3410,119,3345,3378,
2306,3337,2258,1483,1912,
2307,3212,2209,1440,2033,
2308,1418,3019,1293,1025,
2309,3443,545,2908,990,481,
2310,2894,3088,3220,3125,
2311,2701,775,671,148,
2312,2598,2284,1061,976,3416,
2313,462,1794,2302,2188,
2314,357,3170,87,432,
2315,1758,1277,1801,
2316,2265,507,3184,1469,
2317,1184,1831,584,2795,
2318,782,2587,2596,
2319,1135,2173,2240,
2320,238,2421,320,1528,
2321,142,1921,
2322,67,2826,175,
2323,1519,862,864,
2324,1789,2381,1586,
2325,906,2819,
2326,869,1338,2492,1904,
2327,2667,2692,3166,260,
2328,3201,1063,
2329,1923,329,313,
2330,908,3276,677,1936,1441,
2331,3181,733,1009,
2332,2667,2514,260,1251,
2333,2425,2020,574,
2334,386,3412,2946,2248,
2335,1556,232,
2336,503,1531,
2337,1434,1114,
2338,2887,925,
2339,2542,471,3291,
2340,731,372,2716,
2341,1500,2840,2634,
2342,1631,110,
2343,1201,1664,529,
2344,437,1484,2078,
2345,2733,2958,1284,3000,
2346,2691,99,2162,
2347,3347,965,2565,
2348,1242,2775,904,
2349,2780,2117,3175,1584,
2350,1878,3021,114,
2351,1301,3198,1248,
2352,2702,1436,2693,277,
2353,435,938,
2354,865,482,1380,
2355,2973,1895,
2356,1801,1368,1975,
2357,1045,3239,3318,2023,
2358,2034,2117,
2359,2049,1140,2942,
2360,291,1314,89,
2361,1546,561,3122,
2362,2575,1047,2697,2399,
2363,2260,1676,3125,1687,
2364,1649,947,760,
2365,2234,515,194,2002,
2366,95,2145,816,
2367,231,1317,2450,
2368,524,603,2226,
2369,1869,545,50,1231,
2370,3088,3272,1480,
2371,2551,654,2121,
2372,1378,2445,
2373,1557,825,370,
2374,690,1479,2045,
2375,2981,571,2521,1190,
2376,3362,193,1187,2912,
2377,2734,1303,1115,
2378,3209,939,2872,2644,
2379,2210,2003,214,
2380,1154,1597,586,
2381,2324,1836,
2382,1436,1655,
2383,2432,591,3273,
2384,2848,1322,
2385,3042,1876,3195,
2386,1114,3133,1379,
2387,1282,3341,2717,
2388,908,835,1784,
2389,1485,246,1433,
2390,2777,2487,2786,350,236,
2391,3294,
2392,2254,3245,
2393,2084,1155,1118,
2394,27,101,265,2419,
2395,1335,616,
2396,2055,3063,3377,551,
2397,191,2456,514,
2398,1282,1058,541,
2399,1811,1894,1753,2362,
2400,320,2547,1176,
2401,2036,1238,1529,
2402,2272,614,1546,
2403,1932,1153,1321,2632,1498,
2404,2622,3359,
2405,1621,1235,2966,2583,
2406,3228,920,1330,
2407,3050,765,3419,
2408,1055,3354,246,522,610,
2409,3321,2945,3105,
2410,1364,
2411,3044,3089,1592,
2412,1029,957,1519,2457,
2413,3002,2287,
2414,2265,1124,2068,
2415,2891,1578,1322,
2416,35,882,1551,
2417,2063,1424,333,
2418,416,1445,
2419,2394,2656,959,1646,
2420,327,1218,113,
2421,341,777,42,2320,
2422,516,2469,1216,2047,
2423,2807,408,2530,
2424,955,910,2195,1353,
2425,2215,2990,2333,
2426,868,1697,2749,1805,
2427,1162,2183,1457,2941,
2428,979,
2429,998,1549,2026,2168,
2430,1929,2771,1333,
2431,1911,3163,2102,
2432,2148,3286,2383,
2433,2524,1628,1156,225,
2434,1996,3016,2044,1748,
2435,2282,3062,1800,1046,1217,1106,
2436,2721,2058,699,
2437,2038,1679,493,
2438,2986,1184,798,
2439,543,421,
2440,151,1814,3113,
2441,3451,2638,973,183,
2442,2658,280,3352,
2443,460,3169,2003,
2444,169,1879,2856,1824,
2445,2935,2624,2372,797,
2446,2741,2056,275,
2447,626,2241,
2448,2025,3178,3222,1316,
2449,2800,3417,
2450,2884,231,2367,3130,227,
2451,722,1208,3123,
2452,2223,138,1387,377,967,
2453,3091,2298,3047,
2454,1324,2936,2483,
2455,1142,692,2947,3263,
2456,2142,2397,30,2521,
2457,2412,3028,1313,308,
2458,2251,1043,2552,1980,1547,
2459,1715,834,96,2938,
2460,3321,2194,3105,
2461,1070,2147,
2462,69,1117,1361,
2463,638,2959,1158,
2464,1311,3261,2232,
2465,2934,131,769,
2466,613,23,1779,1072,
2467,2770,2278,2789,
2468,1918,1168,
2469,2422,1789,1216,
2470,1191,590,
2471,2853,517,729,
2472,972,1291,2948,
2473,2800,1606,
2474,888,2203,2121,
2475,1417,3404,1468,2514,
2476,1712,1276,2674,
2477,1665,
2478,2209,921,1440,
2479,1790,1719,
2480,2559,2012,259,2493,
2481,2299,1695,222,1645,
2482,2764,2107,53,
2483,2454,2115,1228,1241,
2484,3339,2767,2080,
2485,1377,1528,1176,
2486,3428,2128,
2487,1778,2390,2832,111,
2488,228,3282,1935,
2489,1180,406,974,
2490,2859,2019,3124,2821,
2491,3448,
2492,1819,1567,2326,3164,
2493,2480,
2494,2123,2134,292,1615,
2495,461,2973,107,112,
2496,450,1034,713,
2497,1058,3044,1727,188,
2498,481,990,2724,
2499,1818,1402,964,2992,
2500,625,2768,
2501,485,50,16,717,
2502,268,1325,651,3022,
2503,3103,662,1986,1825,
2504,1204,1093,944,
2505,2171,1609,136,
2506,20,406,
2507,317,2889,3354,2606,610,
2508,721,138,748,
2509,2895,154,1619,
2510,327,2037,1590,
2511,2218,3264,1922,
2512,3271,2004,1896,2983,
2513,704,3087,
2514,3404,2332,2475,3378,
2515,2034,2003,
2516,669,321,442,
2517,2178,1758,1535,1090,
2518,261,1078,
2519,644,1114,1348,
2520,1792,1397,1051,
2521,39,2456,2375,
2522,2133,1256,
2523,766,2288,2138,
2524,1954,2433,1156,
2525,2608,1232,60,14,
2526,3435,307,3060,3373,
2527,1473,2555,1090,
2528,2916,144,2199,
2529,1277,1801,1531,
2530,2423,3244,1608,
2531,2845,1993,1093,1734,
2532,2234,194,1513,
2533,2846,18,1788,237,
2534,2979,202,2881,
2535,1668,
2536,3033,2293,2989,
2537,2735,941,235,
2538,1817,2802,1635,
2539,3456,3359,
2540,1671,2255,689,
2541,1172,1129,
2542,2339,285,573,3291,
2543,613,23,2818,
2544,2569,3251,469,3414,
2545,563,1985,
2546,823,2726,1681,1148,
2547,666,320,1527,2400,
2548,2796,2586,233,
2549,3375,2997,2758,3003,
2550,1542,1377,2040,
2551,2371,3314,
2552,1275,1043,2458,
2553,679,994,
2554,38,2161,275,
2555,2527,3364,396,
2556,1603,2654,
2557,3262,977,
2558,342,684,994,
2559,2480,1406,527,259,
2560,2122,1588,3426,
2561,533,2805,2999,2032,
2562,2575,1483,1165,
2563,928,707,2100,
2564,1010,
2565,1828,965,941,2347,
2566,2193,3406,467,
2567,1790,437,3083,
2568,3407,2890,3289,
2569,3380,2544,3224,469,
2570,1366,651,1429,
2571,1243,2710,
2572,2676,759,3122,
2573,3329,3382,1813,
2574,2201,1536,165,
2575,1811,2562,2697,1165,2362,
2576,130,95,1096,
2577,2797,1178,3204,
2578,1961,3220,1984,
2579,243,2920,
2580,417,1419,3290,
2581,1702,2971,2224,868,203,
2582,273,2803,
2583,2962,1621,2405,
2584,2247,2801,3190,
2585,1673,1943,650,837,
2586,2796,40,2548,
2587,1305,2318,152,709,
2588,1889,294,2964,
2589,3265,1428,30,
2590,998,87,
2591,614,213,3066,
2592,3051,2837,2781,2902,
2593,3009,1215,750,
2594,2954,2208,1081,
2595,2200,544,148,
2596,2318,709,2926,
2597,3343,836,1486,
2598,1614,2312,1061,
2599,322,311,2814,
2600,626,1454,
2601,73,97,
2602,178,2283,1425,
2603,1428,1838,3434,
2604,725,2756,1098,926,
2605,791,2848,2164,1647,
2606,2507,90,610,702,
2607,940,414,
2608,2525,1182,1867,2271,
2609,1828,2246,941,
2610,1656,3144,2921,1409,
2611,2965,3107,
2612,956,3371,1849,
2613,2073,3441,1220,
2614,3101,3428,2669,2128,
2615,913,1851,
2616,24,2077,2039,2031,
2617,503,2618,3241,
2618,2029,2617,985,
2619,2215,602,142,
2620,1500,794,2840,
2621,1008,872,2291,1752,
2622,1672,2404,2278,2857,
2623,200,1493,162,3046,
2624,2445,3195,
2625,231,
2626,3366,3136,
2627,1169,400,1744,1881,
2628,70,977,
2629,3020,2966,3328,719,
2630,3167,2690,3244,412,
2631,656,185,
2632,2403,1153,1131,
2633,3326,2797,134,
2634,2083,1347,2341,2840,
2635,539,1104,540,
2636,272,2864,
2637,3042,3390,1555,
2638,2441,3419,765,
2639,1336,1661,301,
2640,2236,2276,65,
2641,1354,1290,1858,
2642,2158,517,1793,
2643,2009,624,
2644,2873,2378,3209,
2645,707,
2646,3102,265,101,
2647,2884,492,227,
2648,2043,1644,2699,
2649,3229,1480,
2650,1446,1716,2961,
2651,1380,2139,
2652,1826,2143,
2653,158,850,
2654,917,687,2556,
2655,895,1865,3280,
2656,2081,1187,2419,
2657,2103,3291,
2658,2931,3301,2442,3273,
2659,627,3453,1270,
2660,1869,2007,930,
2661,602,319,2736,
2662,2895,1532,
2663,680,1260,2021,1937,
2664,2716,2847,3027,926,
2665,263,3277,2137,
2666,905,1902,1074,
2667,1289,2332,2327,146,
2668,743,2673,1219,
2669,3143,140,2614,
2670,1799,1880,
2671,2784,963,3287,1754,
2672,1730,822,3252,
2673,682,2709,2668,
2674,1712,1835,2476,
2675,2785,26,1060,
2676,2572,180,1999,
2677,294,2225,1635,
2678,617,1881,
2679,3234,1062,780,
2680,1994,2078,1073,
2681,1886,1281,1492,
2682,987,3221,562,
2683,2298,3091,2267,
2684,1653,2949,
2685,3232,1243,
2686,2883,1022,1530,995,
2687,873,1337,1033,
2688,3366,784,1946,
2689,3347,1828,1386,
2690,2762,408,2630,
2691,262,2346,
2692,1289,2243,2928,2327,
2693,582,2010,1895,2352,
2694,2140,797,
2695,910,1315,3437,1353,
2696,1550,1405,1166,
2697,2575,1811,2362,
2698,590,1633,1860,
2699,1969,2975,2648,
2700,1445,215,
2701,2200,2311,1763,
2702,3408,3387,2352,
2703,905,1767,1743,
2704,2169,1458,720,
2705,847,1617,1296,
2706,2072,1000,3169,2117,
2707,1202,
2708,570,1439,1508,
2709,682,2673,363,
2710,3041,2571,2991,
2711,3168,242,3149,361,
2712,2852,908,2787,
2713,866,159,607,
2714,1902,1021,2989,
2715,2279,1490,970,
2716,2340,2664,2847,2759,
2717,2850,2387,
2718,875,216,2176,
2719,767,1598,2138,1729,
2720,1958,1889,3087,3466,
2721,699,2436,
2722,799,1290,549,
2723,1315,1353,1132,
2724,59,990,675,2498,371,
2725,3063,1824,2903,1976,
2726,823,2546,1885,
2727,3439,991,1863,2139,
2728,3193,2250,1804,
2729,321,2261,
2730,1611,1566,1933,
2731,386,2870,3185,
2732,57,237,
2733,2932,358,2345,
2734,2744,2377,3400,
2735,912,2537,
2736,2661,319,1047,
2737,1988,401,
2738,1918,3383,3416,
2739,1010,3039,1053,
2740,2125,3299,1463,
2741,1311,2446,1882,
2742,1666,2276,757,
2743,242,232,3149,
2744,2745,1303,2734,
2745,1400,2744,2845,
2746,2808,3182,1568,494,
2747,2807,1651,2788,
2748,3465,194,203,2099,
2749,1697,1805,2426,
2750,508,2100,
2751,3036,3054,2925,3314,
2752,314,3395,1421,
2753,1706,3199,796,
2754,3425,184,1507,
2755,3213,874,2089,
2756,2950,2604,3194,1297,
2757,915,3218,299,1840,
2758,1898,3243,2549,
2759,2716,926,
2760,438,1893,1587,
2761,3411,669,3300,
2762,2690,2075,412,
2763,1395,3053,825,1064,
2764,2107,2482,1227,642,
2765,3112,1164,728,
2766,1340,1789,849,1586,
2767,2484,3339,1931,362,
2768,3087,2500,
2769,2874,2987,1927,
2770,1,2467,3084,
2771,2430,1563,201,2884,
2772,1993,3026,288,
2773,1659,1512,2051,
2774,566,1703,984,
2775,916,3338,1750,2348,
2776,893,3360,531,
2777,2390,111,350,
2778,857,1125,189,
2779,1800,3084,1685,
2780,2034,2349,2297,
2781,3237,1044,2592,2837,
2782,1276,509,1571,
2783,1733,1967,
2784,2298,478,3322,2671,
2785,2675,1068,310,
2786,2390,2253,236,
2787,2712,827,2893,
2788,408,2747,1588,3307,
2789,1311,1,2467,
2790,812,1407,111,
2791,219,478,
2792,2128,1710,
2793,1439,3450,1765,
2794,2823,1780,1344,
2795,2317,2986,1184,1831,
2796,172,2586,2548,576,
2797,2577,2633,3204,
2798,1044,1898,2945,846,
2799,2998,1892,3162,
2800,988,2473,2449,3417,
2801,1397,3298,2584,
2802,2538,1889,2964,
2803,2582,1095,3350,
2804,521,286,226,
2805,351,2561,2999,
2806,1435,1519,
2807,11,2747,2423,1608,
2808,2746,3033,409,1372,
2809,3381,3255,1349,885,
2810,3001,2886,429,
2811,57,1467,
2812,3333,2906,2302,
2813,1161,176,
2814,2599,1152,463,
2815,3323,
2816,1809,242,809,
2817,3129,3426,531,
2818,2207,2543,
2819,2325,322,2834,
2820,1510,3070,2097,3160,
2821,2024,1723,2490,3124,
2822,3275,1391,1679,
2823,2794,789,
2824,51,1307,
2825,743,182,431,
2826,880,2322,1304,
2827,799,158,1674,2907,
2828,2105,444,1241,
2829,1010,1983,3039,1083,
2830,3451,22,1640,818,
2831,1559,1197,454,
2832,820,1722,2487,111,
2833,2075,412,3067,3374,
2834,2836,130,2819,
2835,3005,1373,
2836,1575,1576,2834,
2837,2592,2781,
2838,906,387,692,
2839,3167,412,3374,
2840,1500,2620,2341,2634,
2841,327,1679,493,
2842,2237,1785,
2843,1640,1259,
2844,1942,3284,806,
2845,1384,2745,189,2531,
2846,2533,2909,2987,
2847,372,2664,2716,3027,
2848,649,2057,2605,2384,
2849,1782,
2850,732,62,2717,
2851,1365,1138,1221,
2852,2712,2059,677,
2853,1122,3252,2471,
2854,2250,1220,
2855,76,853,
2856,169,2444,1905,
2857,2923,2622,1745,
2858,3112,728,1471,
2859,813,2490,
2860,1252,1985,
2861,116,1304,1357,175,
2862,1692,834,792,1733,
2863,3198,2286,
2864,2636,3074,1812,1964,
2865,756,441,
2866,293,3396,1717,854,
2867,601,1945,107,
2868,427,734,1069,2131,
2869,205,3199,
2870,2731,
2871,691,3268,
2872,2378,3209,2146,
2873,1742,538,2110,2644,
2874,2769,813,2909,
2875,496,
2876,1310,1325,1366,
2877,80,1923,2927,66,
2878,857,1734,189,
2879,1374,250,2082,1331,
2880,1907,9,3442,
2881,1001,1769,2534,
2882,554,693,
2883,1357,283,804,2686,
2884,2771,1163,2647,2450,
2885,504,2268,187,
2886,1452,2810,1371,
2887,2338,3337,
2888,691,253,587,
2889,317,2507,610,
2890,3394,1822,297,2568,
2891,295,659,2415,
2892,398,1745,1219,
2893,908,2787,
2894,278,2090,2310,
2895,2662,2509,3219,1532,
2896,3019,484,1251,
2897,1737,1088,3420,
2898,588,556,2007,
2899,387,392,1210,
2900,1582,1420,1539,
2901,3042,1570,3195,
2902,3051,2592,1512,
2903,2055,1574,2725,
2904,126,680,1260,
2905,1526,3313,362,66,
2906,2812,399,1120,3127,
2907,2827,1164,2296,960,
2908,3443,545,2309,481,
2909,2874,2846,1079,
2910,2008,1140,2942,
2911,3285,677,3325,
2912,402,710,2376,2257,
2913,1923,329,1569,
2914,2944,1352,
2915,549,1506,2951,
2916,144,2528,1912,
2917,115,2211,1449,
2918,3268,490,3374,3067,
2919,1723,813,422,
2920,2579,38,1042,
2921,1656,2610,1383,
2922,3182,1743,1568,1074,
2923,1672,2857,1578,
2924,2266,1605,1179,
2925,2751,
2926,2596,136,
2927,2877,2273,328,
2928,3274,2692,3166,3200,
2929,791,
2930,881,3180,1052,
2931,2112,2658,1254,
2932,2733,3272,1177,
2933,1820,3430,1188,781,
2934,2465,3044,3089,
2935,1888,2445,245,
2936,2454,1663,444,
2937,2202,1989,769,
2938,1834,3367,2459,
2939,3353,1965,597,
2940,1718,787,1273,
2941,103,2427,
2942,2359,1140,2910,1097,
2943,657,1470,1884,
2944,2914,1055,920,
2945,3105,2798,2409,
2946,3110,2334,
2947,2455,2096,3263,
2948,972,2472,703,
2949,658,674,2684,
2950,372,3238,105,2756,3027,
2951,2915,568,389,3278,
2952,437,1206,34,
2953,1502,1115,3323,3400,
2954,2074,2594,1523,
2955,1295,1080,2013,
2956,3413,3303,
2957,1504,2960,18,
2958,1418,1293,358,2345,
2959,2268,2463,1408,1158,
2960,2957,3095,
2961,2650,2991,1716,
2962,1235,2583,3269,
2963,220,1379,1107,
2964,294,2802,2588,
2965,1088,2611,
2966,2629,2405,3020,395,3269,
2967,1721,58,2064,1696,
2968,3247,1093,3038,
2969,49,451,2111,
2970,865,962,3146,482,
2971,839,2224,2581,815,
2972,3100,1841,1123,821,
2973,2355,2495,583,277,
2974,169,516,849,2050,
2975,714,2213,247,2699,
2976,869,1338,
2977,1538,1488,2005,
2978,3356,1157,267,
2979,2534,1770,1957,
2980,1252,1600,2294,
2981,191,571,2375,3137,
2982,3159,568,3282,
2983,448,3271,2512,1896,
2984,83,1409,
2985,157,1842,3099,
2986,480,1831,2438,2795,
2987,2769,2846,2286,422,
2988,1455,1938,502,
2989,2714,592,120,2536,
2990,1691,2425,574,1816,
2991,1716,2961,2710,
2992,559,233,2499,
2993,254,225,443,
2994,3249,621,
2995,291,1834,3216,
2996,682,586,363,
2997,3458,2549,
2998,1892,3045,2799,
2999,2805,2561,2032,
3000,1293,284,2345,
3001,2810,1488,2005,
3002,2413,3392,
3003,3196,3243,1318,2549,
3004,538,2163,
3005,3073,1861,2835,
3006,82,983,133,
3007,48,498,289,
3008,1612,164,263,
3009,998,2593,2168,750,
3010,1798,1179,
3011,3465,1255,2099,2256,885,1035,
3012,1704,1331,2088,
3013,2072,1478,
3014,1341,571,
3015,3295,1127,3216,
3016,1593,2434,1748,
3017,1330,2155,1698,
3018,684,883,702,
3019,2308,1595,2896,
3020,2629,1116,2966,
3021,1215,2350,903,
3022,2290,2502,1325,
3023,1364,1563,201,
3024,1174,2121,
3025,1899,1320,
3026,2772,1736,288,
3027,2950,2664,2847,926,
3028,2292,390,1226,2457,
3029,1878,750,
3030,80,1540,678,1636,
3031,579,127,3309,
3032,1819,1049,
3033,2808,1372,2536,
3034,869,699,1904,
3035,3230,1895,
3036,221,2751,
3037,303,672,166,
3038,3096,757,3148,2968,
3039,2829,1053,2739,
3040,604,1932,216,
3041,400,3322,2710,
3042,2385,2637,2901,1861,
3043,889,69,1989,
3044,2411,2934,2497,1592,
3045,1791,2998,3162,835,
3046,3154,2623,
3047,1543,2453,49,1754,
3048,722,3444,1072,
3049,896,524,575,
3050,1995,2407,1586,2132,
3051,2592,1044,2902,
3052,1444,106,1949,
3053,2763,3153,3131,
3054,498,2751,
3055,1137,3106,3379,
3056,1039,2280,2110,
3057,3145,616,550,
3058,1741,3214,1785,
3059,318,130,322,
3060,3368,2526,787,1273,
3061,1791,1892,1784,
3062,1149,1800,1046,2435,1379,1217,1554,
3063,3206,581,2396,2725,
3064,3280,1589,3240,
3065,2152,1040,1422,
3066,2272,615,271,213,2591,
3067,2918,2144,2295,2833,
3068,3074,1456,
3069,967,1210,1720,
3070,3348,1510,2097,2820,
3071,707,1667,
3072,3151,3429,640,
3073,1684,3005,1431,
3074,3068,724,2864,1098,
3075,1830,3350,
3076,1623,1173,3215,
3077,1191,1356,223,1670,
3078,1007,768,1368,457,
3079,3152,1094,1390,
3080,2081,1032,1099,
3081,3230,922,
3082,895,2169,
3083,419,2567,1548,
3084,2770,1311,1,2779,
3085,952,1154,110,
3086,3178,355,2163,1316,
3087,2720,2513,2768,
3088,2370,3421,278,2310,
3089,2411,2934,769,
3090,3213,874,313,
3091,2453,2683,
3092,2055,1126,526,
3093,3236,1240,1461,
3094,1242,3351,2084,
3095,2960,553,
3096,462,3038,
3097,2123,592,1773,
3098,2018,234,1463,
3099,2985,3453,539,
3100,1731,2972,1680,1489,
3101,3143,2128,2614,
3102,668,2646,3425,
3103,2503,1120,3127,
3104,1136,111,350,
3105,647,2460,2945,846,2409,
3106,1978,3160,573,3055,
3107,2056,1088,2611,
3108,2074,143,1523,
3109,3402,473,845,
3110,3237,3292,2946,
3111,515,1255,203,
3112,2858,2765,1388,2238,
3113,2440,151,206,3277,1913,
3114,657,1464,929,
3115,1944,463,1152,606,
3116,2141,981,2205,1774,
3117,3180,311,1999,
3118,3178,1630,3222,
3119,3152,155,1864,
3120,2227,1162,
3121,436,1155,511,1927,
3122,2572,2361,
3123,762,2451,174,
3124,813,1079,2490,2019,2821,
3125,2363,2310,3324,
3126,3183,298,1912,
3127,3103,2906,3197,
3128,1289,2243,3260,
3129,2093,2817,
3130,741,1163,2450,
3131,3053,2239,
3132,342,2244,1282,
3133,2258,2386,1483,
3134,1086,3406,423,
3135,2247,2203,3320,
3136,1339,2626,
3137,1593,2981,
3138,1076,182,2228,
3139,59,545,3317,
3140,1658,368,1938,
3141,283,1228,1241,
3142,1877,1617,3304,
3143,3101,2669,140,
3144,2610,727,1383,
3145,3057,616,1719,
3146,1704,1415,2088,2970,
3147,521,3308,467,
3148,3247,462,3038,1794,
3149,2711,273,2743,
3150,953,1739,1367,
3151,1403,1027,3072,
3152,3119,3079,1606,
3153,3053,825,370,
3154,272,3046,
3155,1603,
3156,1896,198,1309,
3157,1086,428,1508,
3158,2282,1753,1165,
3159,568,2982,1506,
3160,3348,2820,3106,
3161,3205,1768,2046,
3162,519,3045,2799,
3163,634,2431,1528,
3164,1534,2492,301,
3165,3234,1051,
3166,2928,2327,
3167,2630,1608,2839,
3168,2711,1460,361,
3169,2034,2443,2706,
3170,2314,1000,87,432,
3171,20,2,747,
3172,2113,981,1580,
3173,1866,1136,350,
3174,2006,1314,89,
3175,0,2349,942,
3176,2290,349,563,1985,
3177,628,2256,950,885,
3178,3086,3118,2448,
3179,708,144,2199,
3180,1944,463,2930,3117,
3181,340,2331,63,
3182,2746,2922,409,
3183,298,144,3126,1921,
3184,2316,1469,1361,
3185,2248,2051,2731,
3186,3212,726,2033,
3187,1143,1486,
3188,3347,938,
3189,1362,3285,1170,1441,
3190,2247,2584,
3191,3388,1598,2138,
3192,1299,258,154,1619,
3193,228,2728,802,1935,
3194,2016,724,2756,2132,
3195,2385,2624,451,2901,
3196,2255,3003,943,
3197,281,662,1416,3127,
3198,2182,2863,1248,2351,
3199,2753,2869,561,
3200,3274,2928,119,
3201,1855,2328,
3202,783,1564,1266,
3203,3207,809,
3204,2577,2797,1396,
3205,3161,2184,835,
3206,169,486,3063,
3207,449,391,3203,
3208,1277,1437,2029,
3209,2378,2872,2644,
3210,1510,1890,2126,
3211,2249,1414,1644,
3212,1724,3186,2307,1450,
3213,2755,489,3090,730,
3214,1203,3058,
3215,3076,1482,1623,
3216,3015,3366,715,2995,
3217,2055,1615,3377,
3218,2757,827,
3219,2895,382,
3220,3421,2578,2310,3324,
3221,2105,2682,1011,790,
3222,3118,1395,2448,1064,
3223,3293,318,1438,
3224,2569,847,635,397,
3225,656,1145,41,415,
3226,1916,1708,483,
3227,229,1124,188,
3228,920,2406,338,
3229,2649,3415,1577,
3230,3081,2010,3035,
3231,1757,2171,488,
3232,1039,2685,770,
3233,103,1607,1189,
3234,2679,1062,3165,
3235,858,1867,832,
3236,1149,3093,637,
3237,1898,3110,2781,
3238,2950,1789,1216,
3239,1076,2357,3423,
3240,3403,1544,3064,1471,
3241,503,2617,985,
3242,526,1574,1195,1976,
3243,1910,2758,3003,
3244,2630,1608,2530,
3245,2392,1287,
3246,1854,2285,
3247,3148,2968,1825,3361,
3248,1848,474,1262,
3249,36,1214,2994,
3250,916,3338,1013,
3251,2544,294,1846,2225,
3252,822,2853,2672,
3253,1411,295,382,
3254,3432,605,3409,
3255,3381,1134,2809,
3256,1126,911,
3257,3284,487,497,806,
3258,1813,244,297,864,
3259,76,2014,
3260,3128,143,1529,
3261,1351,2464,
3262,1362,2557,
3263,1387,2096,2455,377,2947,
3264,3370,2511,1922,
3265,1101,543,2589,
3266,1349,950,156,
3267,104,2091,3409,2230,
3268,2918,2871,
3269,2962,1283,2966,
3270,600,1714,2182,
3271,1394,2512,2983,
3272,2370,278,2932,
3273,2658,3422,3286,2383,
3274,2243,2928,490,3200,
3275,1391,2822,
3276,2330,3285,677,1936,
3277,1257,2665,3113,
3278,2073,549,2951,
3279,1890,3395,1421,
3280,3064,2655,1041,
3281,1713,3440,3441,1220,
3282,2982,2488,720,
3283,971,1691,1687,807,
3284,2844,132,3257,1646,
3285,3276,3189,2911,
3286,2432,1792,3273,3389,
3287,1657,2671,620,
3288,1363,2283,1358,2186,
3289,3394,2568,
3290,365,1419,2580,2039,
3291,2339,2542,285,2657,
3292,3412,3458,3110,
3293,318,1237,3223,
3294,820,1328,2391,
3295,3015,3390,
3296,2026,243,1852,
3297,2193,637,751,
3298,2247,2801,1815,
3299,2740,2018,1518,
3300,1843,1970,2761,
3301,1509,2658,3389,
3302,1213,3466,736,
3303,160,1612,2956,464,
3304,902,3142,1688,
3305,1992,1525,1342,
3306,228,389,802,
3307,241,893,2788,
3308,367,3147,226,
3309,579,127,3031,
3310,2173,1568,2240,
3311,601,1945,1655,
3312,992,1390,2104,
3313,2905,1569,
3314,3319,2551,2751,
3315,525,1589,1041,
3316,81,459,723,
3317,1582,3139,545,
3318,2357,1078,640,
3319,221,654,3314,
3320,1815,3135,3398,
3321,2460,2194,2409,
3322,3041,2784,617,2011,
3323,2815,2953,2076,
3324,3220,3125,1984,
3325,2911,1599,
3326,2035,2633,1756,
3327,1094,123,155,
3328,2629,1235,1283,
3329,3407,3382,2573,
3330,91,1903,1686,
3331,336,1956,1771,914,
3332,1345,3336,1407,
3333,2812,1794,2302,1120,
3334,2227,1105,
3335,1026,1853,825,
3336,918,1200,3332,
3337,2887,2306,796,1627,
3338,916,2775,3250,
3339,2484,2767,362,248,
3340,2143,571,1190,
3341,732,2387,541,
3342,352,2167,
3343,2597,1988,694,
3344,1073,34,
3345,2252,3459,2305,
3346,2141,271,213,501,
3347,2689,3188,2347,
3348,314,3070,3160,
3349,2204,933,2061,
3350,1308,2803,3075,
3351,436,2084,1155,3094,
3352,3363,2442,1382,
3353,856,2086,2939,
3354,2507,522,2408,
3355,1871,2197,
3356,2978,1225,267,
3357,447,992,
3358,1354,1858,
3359,2539,2404,3450,
3360,143,2776,1081,
3361,3247,1986,1610,
3362,2259,989,2376,
3363,1212,3352,337,
3364,1473,3441,2555,
3365,1689,1972,2098,
3366,1834,2626,2688,3216,
3367,1715,2938,1946,
3368,3435,28,3060,
3369,326,1346,
3370,567,3264,1922,
3371,2153,2612,434,
3372,171,1348,330,
3373,2526,1494,1273,
3374,2918,2839,2833,
3375,1907,1318,2549,
3376,1253,367,1625,
3377,3217,45,1113,2396,
3378,3404,2514,2305,260,
3379,573,147,3055,
3380,2569,635,3414,
3381,375,2809,3255,1349,
3382,3329,2573,
3383,1614,2738,
3384,1676,286,1625,
3385,1978,471,
3386,800,
3387,2702,582,3408,
3388,667,3191,
3389,1509,3301,3286,
3390,2637,3295,1503,1861,
3391,3449,2203,3398,
3392,928,3002,2287,
3393,1355,1785,1050,
3394,2890,3289,
3395,2752,3279,2126,
3396,1673,837,2866,
3397,2043,1644,
3398,3391,2203,3320,
3399,1038,1613,2139,
3400,2953,2734,1973,
3401,2144,2295,1529,
3402,3109,548,2129,
3403,1388,1378,3240,
3404,3410,2475,2514,3378,
3405,612,1319,1004,
3406,1057,3134,2566,
3407,3329,1813,2568,
3408,2702,1112,3387,
3409,1705,3267,3254,
3410,1417,3404,2305,
3411,669,2761,
3412,3292,340,2334,2289,
3413,160,2956,1505,
3414,3380,2544,473,
3415,1223,3229,2213,
3416,2284,2312,2738,
3417,2800,784,2449,
3418,2056,1745,1578,
3419,2638,183,2407,
3420,1737,2897,2022,
3421,3088,3220,1480,
3422,1254,591,3273,
3423,774,3239,
3424,1482,258,3460,
3425,3102,2754,1847,2077,
3426,2817,241,2560,
3427,2024,1306,1118,
3428,2486,2614,
3429,1027,1454,3072,
3430,2933,438,772,
3431,667,1246,
3432,2233,1705,3254,1298,
3433,1776,1012,1860,
3434,2142,2603,30,
3435,3368,2526,3437,
3436,1691,1422,1816,
3437,3435,2695,307,2060,
3438,1698,267,
3439,262,2727,
3440,1008,3281,552,
3441,3281,2613,3364,
3442,495,2880,
3443,2309,2908,481,
3444,1751,1208,3048,
3445,1254,632,738,
3446,441,709,1772,
3447,589,1377,1527,1176,
3448,2491,88,
3449,888,3391,
3450,3359,2793,79,
3451,2830,2441,8,
3452,1087,693,184,
3453,2659,539,3099,
3454,762,94,196,
3455,1036,1709,
3456,2093,2539,
3457,999,
3458,340,3292,872,2997,
3459,1417,358,1468,3345,
3460,3424,431,1522,
3461,1435,2001,1521,
3462,1048,2255,2147,
3463,2018,1518,121,
3464,478,1874,2011,100,
3465,203,2748,3011,
3466,2720,3302,1875,
3467,1110,1557,
